(cap, 1.161140562248996, 0.4376261535934891, 0.5288158145394337, 0.7578332916354177, 0.27964616570700473, 0.5914698795180724)
(cap, 1.482184738955823, 0.20577469564835638, 0.4996251850407539, 0.7052969959328571, 0.24962532552700759, 0.7296385542168675)
(cap, 1.5074698795180725, 0.45813715018721207, 0.48278431181095616, 0.7109233429646187, 0.23308069173077856, 0.7238875502008033)
(cap, 1.4005301204819278, 0.2765719482478872, 0.5138756731117065, 0.7182564501371022, 0.2640682074160094, 0.6967228915662651)
(cap, 1.2599036144578313, 0.4821475206565693, 0.49158330757658036, 0.7360320557072363, 0.2416541482879308, 0.6436144578313253)
(cap, 1.628706827309237, 0.3859153524649317, 0.4744032126990945, 0.7012252847515782, 0.2250584082192223, 0.7590843373493976)
(cap, 1.7524819277108432, 0.3070427898756878, 0.47039641277185207, 0.6927343069526486, 0.22127278514862664, 0.7904578313253011)
(cap, 1.2510522088353413, 0.294866559637104, 0.5316392808079418, 0.7358448952272341, 0.2826403248979856, 0.6441124497991967)
(cap, 1.4756626506024093, 0.40652767705741605, 0.4826301001967339, 0.7162562209901118, 0.23293181361590942, 0.7099759036144577)
(cap, 1.274008032128514, 0.31414856158766513, 0.5287870170721305, 0.7333786614134168, 0.27961570942404157, 0.6515502008032128)
(cap, 1.1884979919678715, 0.42499400484004884, 0.5253990692769303, 0.7472328412586385, 0.2760441819970646, 0.6140722891566265)
(cap, 1.5935100401606426, 0.38590596222066015, 0.4774269162706176, 0.7170261215585099, 0.2279364603796713, 0.7259116465863453)
(cap, 1.2607068273092368, 0.4042176114743483, 0.5149850093408632, 0.7344746285619422, 0.26520955984580896, 0.6473092369477911)
(cap, 1.5085943775100403, 0.418494532702539, 0.4787742616981601, 0.7224830649981607, 0.2292247936646183, 0.7040642570281125)
(cap, 1.1940883534136544, 0.3909402877029903, 0.5156545168195854, 0.7400111842748269, 0.2658995807164401, 0.6279196787148594)
(cap, 1.5849156626506022, 0.3999777497151236, 0.4676833534575555, 0.6992284586652836, 0.2187277191013048, 0.7546184738955822)
(cap, 1.7994859437751003, 0.3334130305831019, 0.47059475965599146, 0.6947166551297522, 0.22145942781568034, 0.7945702811244979)
(cap, 2.1000481927710846, 0.16757569267693478, 0.30254250663847476, 0.5985750805594888, 0.09153196832309156, 1.0050763052208835)
(cap, 1.6193574297188755, 0.3583956721130228, 0.3317287497639372, 0.6672036776284543, 0.11004396341994484, 0.8156305220883533)
(cap, 1.6704899598393574, 0.2780560816128596, 0.3243822935814392, 0.6405096364226628, 0.10522387238915502, 0.8693012048192772)
(cap, 1.7208835341365463, 0.26094522169199985, 0.32375462669359834, 0.6426150521322173, 0.1048170583055112, 0.8736867469879518)
(cap, 1.7177349397590362, 0.25202947246622986, 0.3339726111595949, 0.6474948705670179, 0.11153770500475799, 0.8645301204819277)
(cap, 1.988562248995984, 0.1922031067344079, 0.3082153853959557, 0.6095014289173326, 0.0949967237947775, 0.9700883534136546)
(cap, 1.7581044176706828, 0.26837175125331736, 0.32681047508859784, 0.6408346109397846, 0.10680508662763503, 0.8821847389558233)
(cap, 1.6046907630522087, 0.3382581421573779, 0.3285749431503225, 0.6520490699105581, 0.10796149326623765, 0.8399678714859438)
(cap, 1.9483534136546186, 0.18916922009550893, 0.30941956658556197, 0.6107700050047321, 0.095740468185997, 0.9626506024096386)
(cap, 1.8589076305220886, 0.2900857895278083, 0.31258022365372995, 0.6264872399761698, 0.09770639621941582, 0.9218473895582329)
(cap, 1.9063935742971894, 0.21335365738793555, 0.3119913771911363, 0.6163435577800992, 0.09733861944162189, 0.9461044176706828)
(cap, 2.0327871485943776, 0.24180034575798254, 0.3148502178799264, 0.6229657288319231, 0.09913065969903712, 0.953429718875502)
(cap, 1.799823293172691, 0.2137656716117031, 0.3194648579341897, 0.6225060238999289, 0.102057795454912, 0.9192449799196788)
(cap, 1.602538152610442, 0.39577659719137187, 0.32790698280326264, 0.662348829103868, 0.10752298937113917, 0.8216224899598393)
(cap, 1.8280321285140564, 0.2821582370263306, 0.3073023778617616, 0.6267348242621948, 0.09443475143949291, 0.9165783132530121)
(cap, 1.8430040160642571, 0.20739278678249612, 0.3243417477438372, 0.6258567356671397, 0.10519756932952695, 0.9209156626506024)
(cap, 1.9309558232931727, 0.3304138342526488, 0.3022126949012374, 0.6202370678065079, 0.09133251295946841, 0.9433253012048194)
(cap, 1.5582008032128516, 0.37396932736377797, 0.33240217781962367, 0.6610021265838699, 0.11049120781922872, 0.8175100401606425)
(cap, 1.919309236947791, 0.20988500373510371, 0.3235400421406991, 0.6243153599699028, 0.10467815886840534, 0.9348915662650602)
(cap, 1.845574297188755, 0.1911036219351571, 0.3165945242304377, 0.6188476107880219, 0.10023209277269722, 0.9332530120481929)
(cap, 1.8625060240963855, 0.26270905149001444, 0.31716735088225884, 0.6308552505926851, 0.10059512846566991, 0.914714859437751)
(cap, 1.7039196787148594, 0.387830719965348, 0.3215692663357694, 0.651844724663605, 0.10340679305172498, 0.8547630522088353)
(cap, 1.5131887550200804, 0.456384235704224, 0.33445396338168243, 0.6782024732512046, 0.11185945362171577, 0.7808192771084337)
(cap, 1.7963534136546184, 0.30841193572455855, 0.31257036275642436, 0.631830739624758, 0.0977002316736827, 0.9032128514056225)
(cap, 1.9501847389558233, 0.21574400981907257, 0.3087421642280076, 0.6137985957477949, 0.095321723972194, 0.9563534136546186)
(cap, 2.0248674698795184, 0.28076012724450256, 0.30278817974857425, 0.623705684737237, 0.09168068179545491, 0.9501044176706825)
(cap, 1.7390682730923697, 0.22996125851975183, 0.3245709043696854, 0.6328406549274018, 0.10534627196335544, 0.8932851405622491)
(cap, 1.6060080321285144, 0.30716705977304226, 0.33174449383064164, 0.658960776750146, 0.11005440918694862, 0.8280803212851406)
(cap, 1.7484497991967871, 0.23327111743998033, 0.3220437229341673, 0.6318141559364523, 0.10371215948129871, 0.8963694779116467)
(cap, 3.3063453815261044, 0.5410604830786058, 0.20495110522506405, 0.5610199330967014, 0.04200495553297528, 1.2473895582329317)
(cap, 2.75259437751004, 0.6231759309233679, 0.227777426925574, 0.6177163531955878, 0.051882556216835206, 1.0695100401606425)
(cap, 3.204417670682731, 0.5773724904141769, 0.2097552553354804, 0.601940677647609, 0.04399726714085257, 1.1612369477911648)
(cap, 3.5806907630522087, 0.506857599587153, 0.21304463457763348, 0.5622587008619042, 0.04538801632231738, 1.2839839357429719)
(cap, 3.2362730923694776, 0.549898128161034, 0.1988594280182364, 0.5572500716428144, 0.03954507211174014, 1.2469076305220885)
(cap, 2.690136546184739, 0.6304011671010594, 0.23419800387895445, 0.6279275646010728, 0.05484870502088676, 1.0427469879518072)
(cap, 3.6485301204819276, 0.5000409372312908, 0.20030909680379125, 0.5469348808220531, 0.04012373426235061, 1.318698795180723)
(cap, 3.3873253012048194, 0.5434316576181132, 0.22634538722669234, 0.5923898781625216, 0.051232234318801306, 1.2000481927710842)
(cap, 3.616610441767068, 0.5078636216940008, 0.19851336578238682, 0.5483939534977381, 0.03940755639425171, 1.313285140562249)
(cap, 2.915871485943775, 0.6093352721104196, 0.20354669087668542, 0.5930337200679936, 0.041431255366848926, 1.1354698795180722)
(cap, 3.4928032128514053, 0.5343261695255855, 0.2177505862620226, 0.584747978407454, 0.04741531781745455, 1.2314056224899599)
(cap, 3.363726907630522, 0.538458159725783, 0.19997332510294916, 0.554366478922907, 0.0399893307527298, 1.2686907630522088)
(cap, 3.1339116465863457, 0.5680034627326934, 0.21393344128047886, 0.5725018968180414, 0.045767517298108094, 1.2045301204819276)
(cap, 3.063180722891566, 0.5768368642792572, 0.19720118528779595, 0.5656392799668775, 0.03888830747891163, 1.2072449799196787)
(cap, 2.8971244979919675, 0.611212173303704, 0.22447708217097181, 0.5966811985228426, 0.05038996041999323, 1.1256546184738956)
(cap, 3.1593734939759033, 0.5702467388480655, 0.19754194724726998, 0.5653315751645446, 0.03902282092224319, 1.2206425702811246)
(cap, 3.4177188755020076, 0.5264255370925257, 0.20943785188690983, 0.5625022615200929, 0.04386421380300318, 1.263437751004016)
(cap, 3.474570281124498, 0.5167062364428316, 0.1971902043968033, 0.5527066739159155, 0.038883976710053066, 1.2874859437751005)
(cap, 3.3662329317269073, 0.5441837200594503, 0.20190660511503233, 0.5706971224705598, 0.0407662771890776, 1.23829718875502)
(cap, 3.229381526104418, 0.5665521975280827, 0.22014235223485737, 0.5881346655448995, 0.04846265524749602, 1.188835341365462)
(cap, 3.05795983935743, 0.5813545417415377, 0.2147441579417399, 0.5759056518700459, 0.04611505337010693, 1.1857670682730923)
(cap, 3.600401606425703, 0.5154912862906147, 0.19343738930275303, 0.5508114959335938, 0.03741802358026483, 1.3058152610441767)
(cap, 3.149847389558233, 0.5678387295099976, 0.19705429485971454, 0.5623583095498049, 0.03883039512265932, 1.225863453815261)
(cap, 1.0930763052208836, 0.7623223973672227, 0.2763683536728183, 0.7490885711858072, 0.076379466911824, 0.5973012048192771)
(cap, 1.07225702811245, 0.7909924646190859, 0.2630573096166915, 0.7458079194606481, 0.0691991481427719, 0.5994216867469879)
(cap, 1.1392289156626507, 0.7725476622265215, 0.2666686959810529, 0.7317154280814097, 0.07111219341623522, 0.6339116465863454)
(cap, 1.0791004016064258, 0.800707481582819, 0.26152325467399345, 0.746541610639697, 0.06839441273527845, 0.5991004016064256)
(cap, 1.1294618473895581, 0.7869868798882443, 0.2702265802449722, 0.7513067688633953, 0.0730224046708924, 0.5984096385542168)
(cap, 0.9586184738955823, 0.8256551576515427, 0.26977424510184256, 0.7713641752530485, 0.07277814332026902, 0.5380562248995984)
(cap, 1.026875502008032, 0.7839318651942538, 0.27449356762195354, 0.7540257444600463, 0.07534671866582798, 0.5787791164658634)
(cap, 1.1565140562248994, 0.7869834157503425, 0.25568174177710884, 0.7373274343306944, 0.06537315307817616, 0.6268433734939759)
(cap, 0.9831646586345382, 0.8098261840686729, 0.28535190312595243, 0.7762651217318828, 0.08142570861760293, 0.5335261044176708)
(cap, 1.0996787148594378, 0.7690859986634211, 0.26663983316872947, 0.7401620270000143, 0.07109680063224788, 0.613574297188755)
(cap, 1.3187630522088354, 0.7648225799325501, 0.2549271209000162, 0.7366013432720733, 0.06498783697037146, 0.6524819277108433)
(cap, 1.301140562248996, 0.7706452316262741, 0.253677575384637, 0.7292863603220514, 0.06435231225302818, 0.6622008032128514)
(cap, 1.0527710843373494, 0.8090960203231428, 0.26838379170029075, 0.7520788146593959, 0.07202985964742505, 0.585429718875502)
(cap, 1.130136546184739, 0.7707577823902234, 0.27653121700014455, 0.7525967261488168, 0.07646951397558104, 0.5969317269076305)
(cap, 1.3539437751004015, 0.7277632437077388, 0.25531389304325675, 0.7164146898465821, 0.06518518398090353, 0.6929638554216866)
(cap, 1.1409638554216868, 0.7531993185243266, 0.2684003343965904, 0.7337235619744479, 0.07203873950420153, 0.631277108433735)
(cap, 1.1915341365461847, 0.7590845494947113, 0.259169569074818, 0.7250027453829013, 0.06716886553442686, 0.6534457831325301)
(cap, 1.0407228915662652, 0.814537385850754, 0.2663419051129334, 0.7675414543584635, 0.07093801041918679, 0.557574297188755)
(cap, 1.3062168674698795, 0.7424178685084415, 0.25375565361787783, 0.7177699707230536, 0.0643919317430364, 0.6829879518072288)
(cap, 1.0907791164658636, 0.8042640927948838, 0.258862966799176, 0.7477979571459373, 0.06701003558007129, 0.5985381526104419)
(cap, 0.9832610441767069, 0.7992786165945891, 0.2746923543715197, 0.7547652745260116, 0.07545588955016855, 0.5705060240963855)
(cap, 1.074425702811245, 0.7376589625209518, 0.2803805288313128, 0.7398314706790965, 0.07861324094772663, 0.6105863453815261)
(cap, 3.4262650602409637, 0.5560078945517065, 0.19744862647640216, 0.548650415697276, 0.038985960097417775, 1.2883694779116466)
(cap, 3.3463293172690762, 0.6281269004150731, 0.18613973557860125, 0.5833013188426938, 0.03464800116127159, 1.212289156626506)
(cap, 3.314538152610442, 0.6052432227146738, 0.19078536432610468, 0.5741775822772562, 0.036399055241044496, 1.2259919678714861)
(cap, 3.1376224899598393, 0.6223391741580756, 0.19867680155535652, 0.5708602235381541, 0.039472471476266514, 1.2072449799196787)
(cap, 3.1862329317269076, 0.6475955877139118, 0.20278418587630412, 0.5992958766016739, 0.04112142604151546, 1.1623614457831326)
(cap, 3.457333333333333, 0.630160503219804, 0.19542860950702218, 0.5967294719590113, 0.03819234141384816, 1.2027791164658634)
(cap, 3.413124497991968, 0.6271581676577729, 0.19140824951388075, 0.57209503215258, 0.03663711798196803, 1.2404016064257026)
(cap, 3.3614779116465865, 0.5949363842694418, 0.18862457425377838, 0.5692068698912073, 0.03557923001241915, 1.2417991967871487)
(cap, 3.513975903614458, 0.5939788613630965, 0.1844056668777109, 0.5799029811210109, 0.03400544997661328, 1.242586345381526)
(cap, 3.631887550200803, 0.5152689081983896, 0.19173322218609654, 0.5319735436204891, 0.036761628489863064, 1.3478072289156626)
(cap, 3.1184417670682727, 0.617822804669482, 0.1831912017618784, 0.5613752616924835, 0.03355901640296124, 1.2229236947791167)
(cap, 3.057718875502008, 0.6265858013084326, 0.18981562267995014, 0.574872806348299, 0.0360299706133772, 1.1910200803212851)
(cap, 3.0537670682730926, 0.6165670425641506, 0.18618648536384108, 0.5668251416525831, 0.034665407332139804, 1.2033253012048193)
(cap, 2.8713413654618476, 0.671262037602823, 0.20645905126527456, 0.6108016716100061, 0.04262533984935726, 1.0979437751004015)
(cap, 3.163710843373494, 0.5764332366262442, 0.20152446469150007, 0.5601818126953209, 0.04061210986919565, 1.231534136546185)
(cap, 3.057975903614458, 0.596677325823875, 0.1975384082937947, 0.566994565126103, 0.03902142275124595, 1.2057991967871484)
(cap, 3.754120481927711, 0.528268138445627, 0.18299636451221293, 0.5363608798702207, 0.0334876694246867, 1.3546666666666667)
(cap, 3.377574297188755, 0.5776671766160938, 0.19326574418827344, 0.5485672890510311, 0.037351647876647145, 1.2810923694779115)
(cap, 3.0554859437751007, 0.6484768875938144, 0.1916662650598202, 0.6007280793566832, 0.036735957161981254, 1.1411405622489958)
(cap, 3.6520642570281123, 0.5578643228712018, 0.1796118824456565, 0.5393196640395506, 0.03226042831567233, 1.33685140562249)
(cap, 3.5205301204819275, 0.58335082608468, 0.17938457575537306, 0.5423256282461386, 0.032178826018935174, 1.310409638554217)
(cap, 3.184144578313253, 0.625220835971901, 0.20546376529463978, 0.6054466128473782, 0.042215358849050824, 1.1527871485943775)
(cap, 3.6601285140562254, 0.562642537583493, 0.17929957107624658, 0.5586118890236254, 0.032148336188126, 1.3033092369477912)
(cap, 0.3265220883534137, 0.7360847543517959, 0.6567948769555024, 0.8967766318791125, 0.4313795103949936, 0.22567068273092372)
(cap, 0.27832931726907634, 0.7634557068228152, 0.696873914438586, 0.9127552118219731, 0.48563325262495777, 0.19103614457831328)
(cap, 0.27873092369477914, 0.8735263769035735, 0.6345435839328328, 0.9077402896654492, 0.402645559910324, 0.19991967871485944)
(cap, 0.2931726907630522, 0.8939337349126008, 0.5432926663481855, 0.9042888764793797, 0.2951669213077209, 0.2080321285140562)
(cap, 0.3149397590361446, 0.8076054501521084, 0.6226391554851486, 0.8993034727143869, 0.387679517943259, 0.21980722891566265)
(cap, 0.3120321285140562, 0.7983404224868758, 0.6399179642105229, 0.8962752836465097, 0.4094950009193401, 0.22448192771084335)
(cap, 0.34422489959839353, 0.7734914154808664, 0.6499881814727536, 0.8986578819128784, 0.4224846360542573, 0.2253172690763052)
(cap, 0.29219277108433733, 0.875090580652827, 0.6086807903784485, 0.8999140598593469, 0.3704923045757327, 0.21527710843373493)
(cap, 0.23773493975903615, 0.8146033027379244, 0.6936280650657763, 0.9165416998309981, 0.4811198926468928, 0.17858634538152612)
(cap, 0.30698795180722893, 0.8620875890494961, 0.6003783361194076, 0.9005805811481219, 0.36045414648150836, 0.21661044176706826)
(cap, 0.4259437751004016, 0.8363470341682123, 0.5378815587851181, 0.8780721722649434, 0.28931657128110844, 0.2729156626506024)
(cap, 0.29524497991967874, 0.8442903873837809, 0.6612477733773379, 0.9052829671627688, 0.43724861779648716, 0.20676305220883537)
(cap, 0.32861044176706833, 0.7703580803216306, 0.6451923338000798, 0.8997892126657541, 0.4162731475943936, 0.22094779116465865)
(cap, 0.2459437751004016, 0.8655235261583216, 0.6649834191123806, 0.9145254901960783, 0.44220294769439206, 0.18329317269076306)
(cap, 0.2884819277108434, 0.8591395467942954, 0.5789213014949647, 0.9001984950441365, 0.3351498733246238, 0.21410441767068272)
(cap, 0.3869879518072289, 0.8038583738968493, 0.5892031409325802, 0.8876626506024097, 0.34716034128481793, 0.2504738955823293)
(cap, 0.2856706827309237, 0.8999474743010917, 0.5811268477872465, 0.9065032401097602, 0.3377084132191416, 0.20303614457831326)
(cap, 0.3255582329317269, 0.8268038095117065, 0.6070569038788898, 0.8953810536262697, 0.36851808454702356, 0.22827309236947793)
(cap, 0.30499598393574295, 0.8113907667942243, 0.6440629506264174, 0.8975147649421215, 0.41481708436960696, 0.22136546184738956)
(cap, 0.2914377510040161, 0.7885503076302514, 0.6480632153313657, 0.8962802740373258, 0.419985931065628, 0.22126907630522089)
(cap, 0.2620722891566265, 0.7783229725676777, 0.6552112135480613, 0.9061482636428065, 0.4293017343591232, 0.2)
(cap, 0.22017670682730922, 0.8769074836224201, 0.6017287152453827, 0.9157509095204347, 0.36207744675085884, 0.17709236947791163)
(cap, 0.25667469879518073, 0.8369663293834328, 0.6703930192155194, 0.9116796598157334, 0.4494268002128998, 0.18978313253012052)
(cap, 0.6545220883534136, 0.47274438650345685, 0.5651204569120379, 0.8158673697848751, 0.3193611308204706, 0.41445783132530123)
(cap, 0.49595180722891563, 0.6044893588327346, 0.6058476395905003, 0.8513955676441857, 0.3670513623973807, 0.329429718875502)
(cap, 0.5575421686746989, 0.5704619148768915, 0.5708970877899261, 0.8333729270021262, 0.3259234848470186, 0.3695261044176707)
(cap, 0.5578634538152611, 0.5459860076965162, 0.5861790550252108, 0.832878554943757, 0.34360588455024915, 0.3707469879518072)
(cap, 0.585269076305221, 0.5756579635070884, 0.5473865855712228, 0.8240716058805357, 0.29963207406332154, 0.38989558232931726)
(cap, 0.5361285140562249, 0.6404342519610797, 0.5771884371328024, 0.8515811332894253, 0.33314649195980706, 0.3356465863453816)
(cap, 0.547437751004016, 0.5864407226082712, 0.5634361543774739, 0.8331186101873558, 0.3174603000596765, 0.36857831325301205)
(cap, 0.5510200803212851, 0.5671833938056662, 0.59849949759258, 0.8399108556520322, 0.3582016486185707, 0.35760642570281126)
(cap, 0.6132048192771085, 0.5606653007887563, 0.5751229539451913, 0.8350654303652179, 0.33076641215464264, 0.3756787148594378)
(cap, 0.5540240963855422, 0.5926461881664337, 0.5794013520933757, 0.8396229895489995, 0.335705926807632, 0.35848995983935744)
(cap, 0.627710843373494, 0.49011354428961496, 0.5864504794405501, 0.8290260581030247, 0.3439241648360511, 0.38812851405622495)
(cap, 0.5284497991967871, 0.5814108968877896, 0.5945270494617828, 0.8453044903596285, 0.35346241254173316, 0.34506024096385546)
(cap, 0.4561124497991968, 0.618612693362607, 0.6511159601395831, 0.8652578729741025, 0.42395199354849117, 0.29974297188755017)
(cap, 0.4876787148594377, 0.5816845051412671, 0.6371449057643295, 0.8544419375926108, 0.40595363094143627, 0.32311646586345383)
(cap, 0.5790843373493976, 0.537128001445658, 0.5822655158512315, 0.8357871066508912, 0.3390331309495008, 0.36896385542168675)
(cap, 0.5447710843373494, 0.5528898602496379, 0.6077924428770812, 0.8422311561520633, 0.36941165361849, 0.35267469879518076)
(cap, 0.6448032128514055, 0.4899270012621934, 0.5909194532497881, 0.8257833413634973, 0.34918580022902856, 0.3960642570281125)
(cap, 0.5105542168674698, 0.5917130408417746, 0.6120283056567316, 0.8496491192604587, 0.3745786469250497, 0.334714859437751)
(cap, 0.5881606425702812, 0.493286437665022, 0.620507154424083, 0.8359967759505676, 0.38502912869147277, 0.3700401606425703)
(cap, 0.4744417670682731, 0.5795739649837239, 0.6272913743092355, 0.8522487667190713, 0.39349446828276946, 0.3247871485943775)
(cap, 0.10006425702811246, 0.7970541904433005, 0.8431147940575915, 0.9606388413382035, 0.7108425559587749, 0.08223293172690764)
(cap, 0.10022489959839358, 0.7753161318862088, 0.8434580213904194, 0.9589840774864162, 0.7114214338478412, 0.08506024096385541)
(cap, 0.08910843373493975, 0.8003652017595159, 0.85231104300626, 0.9627858256555635, 0.7264341140304188, 0.07686746987951806)
(cap, 0.0904578313253012, 0.8393256554793506, 0.8220309446448144, 0.9619183557760455, 0.675734873953646, 0.07853815261044177)
(cap, 0.1086425702811245, 0.8248771226369734, 0.8045914203419298, 0.9556699267658871, 0.6473673536878439, 0.09196787148594376)
(cap, 0.1013012048192771, 0.8192284750683049, 0.8178767902077803, 0.9571520907158044, 0.6689224439605814, 0.08828915662650601)
(cap, 0.0746987951807229, 0.780964804129374, 0.8848478251191938, 0.9692722455432591, 0.7829556736181673, 0.06364658634538152)
(cap, 0.09858634538152611, 0.7736437557329099, 0.8540209908290124, 0.9612162532482872, 0.729351852776568, 0.08104417670682731)
(cap, 0.08817670682730924, 0.795697682802019, 0.8576440723382036, 0.9637166076068981, 0.7355533548168578, 0.07516465863453815)
(cap, 0.10318072289156627, 0.8078338595745445, 0.8363119085372129, 0.9595189227498229, 0.6994176083611556, 0.08464257028112449)
(cap, 0.10530120481927711, 0.7310252038173175, 0.8600640714485528, 0.9591265768958185, 0.7397102069966613, 0.08563855421686746)
(cap, 0.1085301204819277, 0.7674049544641981, 0.8436331454194158, 0.9567478384124734, 0.7117168840502571, 0.09015261044176708)
(cap, 0.10597590361445784, 0.7864418464027866, 0.8419192584454441, 0.9576995038979447, 0.7088280377413266, 0.08814457831325301)
(cap, 0.09042570281124497, 0.7534204523690171, 0.8742619164841497, 0.9640962474331717, 0.7643338986145385, 0.07487550200803213)
(cap, 0.09429718875502008, 0.8306301548444469, 0.8290375262993711, 0.9613991022915189, 0.6873032200125804, 0.08003212851405624)
(cap, 0.09946987951807229, 0.7656589891424181, 0.8498444366606871, 0.9591840811208635, 0.7222355665231206, 0.08456224899598394)
(cap, 0.10581526104417671, 0.7819468345609285, 0.8391425445424204, 0.9581987751912628, 0.7041602100611281, 0.08727710843373496)
(cap, 0.11085943775100401, 0.7371656253848837, 0.8481433973094636, 0.9564483817623434, 0.7193472223996387, 0.09103614457831324)
(cap, 0.11087550200803212, 0.7436369838955471, 0.8476894231802368, 0.9564278762107254, 0.7185773581716425, 0.09108433734939758)
(cap, 0.07333333333333333, 0.8184542496001554, 0.8674002625642468, 0.9683623907394283, 0.7523832154965243, 0.06494779116465864)
(cap, 0.08478714859437753, 0.8074820018806853, 0.8545491281464916, 0.9635993385305929, 0.7302542124159289, 0.07479518072289155)
(cap, 0.10220080321285141, 0.7867818060226615, 0.8385507793556157, 0.9579360264587764, 0.7031674095579105, 0.08713253012048192)
(cap, 1.0693172690763053, 0.5622931343444925, 0.371841632735613, 0.7382381812439927, 0.1382661998354865, 0.6117751004016065)
(cap, 0.967132530120482, 0.618877980193116, 0.3470173637690856, 0.7441657307964891, 0.12042105075724588, 0.5858955823293173)
(cap, 1.0394377510040163, 0.5630997365488497, 0.3982170323959583, 0.7520115655971078, 0.1585768048902437, 0.5835662650602409)
(cap, 1.1077911646586345, 0.5596539135847003, 0.34745349180701524, 0.727108369100715, 0.1207239289688876, 0.6366907630522088)
(cap, 1.076433734939759, 0.5923487983239922, 0.33151276692404313, 0.7295799755706204, 0.10990071463363493, 0.6276305220883533)
(cap, 1.0047389558232933, 0.6201054905866051, 0.34988166365449347, 0.7512948518054118, 0.12241717856163611, 0.5797429718875503)
(cap, 0.908706827309237, 0.6452127628367313, 0.38568135037953305, 0.7684702135925382, 0.14875010403058014, 0.5354056224899598)
(cap, 1.005847389558233, 0.6056351025601889, 0.40904184336731203, 0.7647446467783817, 0.16731522962532863, 0.5567228915662651)
(cap, 0.8161124497991967, 0.6818399253483343, 0.3905207231204629, 0.7843635973759292, 0.15250643518652923, 0.4939277108433734)
(cap, 1.092128514056225, 0.5744975323909456, 0.34746998794993356, 0.7275334750767778, 0.12073539252592698, 0.6336224899598393)
(cap, 1.1025863453815261, 0.567183927038891, 0.3537919508752579, 0.7369831828230126, 0.1251687445041209, 0.6192449799196788)
(cap, 0.9572369477911646, 0.6347524776132631, 0.38553276494555816, 0.7606514760521847, 0.14863551284656698, 0.5561124497991968)
(cap, 1.1521606425702813, 0.5457965227238807, 0.3575210359411953, 0.7336236140845639, 0.12782129114046545, 0.6326425702811245)
(cap, 1.1032449799196786, 0.5393333728948165, 0.38533924981264267, 0.7398856490901848, 0.14848633744617024, 0.6144417670682731)
(cap, 0.9166746987951807, 0.6465494352202045, 0.40394232418468046, 0.766238820906716, 0.1631694012677215, 0.5404176706827309)
(cap, 1.070168674698795, 0.5746469087142203, 0.37026769579008767, 0.7388307468347157, 0.1370981665457009, 0.6110200803212852)
(cap, 1.0957590361445781, 0.568108199131774, 0.3510365408180008, 0.7343359254800785, 0.12322665298946792, 0.6225060240963856)
(cap, 1.0357590361445783, 0.5839379862742872, 0.37909639385977617, 0.7530146591011226, 0.14371407583748652, 0.5813975903614458)
(cap, 0.9765461847389558, 0.6038097657101298, 0.38251759327641544, 0.7550053079629268, 0.1463197091659812, 0.5689317269076305)
(cap, 0.9847068273092369, 0.6034674828740194, 0.3977145911147196, 0.7618324494259292, 0.1581768959855486, 0.5583935742971887)
(cap, 0.8526746987951808, 0.650805602749588, 0.3968108709556629, 0.7819817802210431, 0.15745886730859177, 0.5037911646586346)
(cap, 1.183839357429719, 0.5449816302254447, 0.347416965931378, 0.7288369141970844, 0.12069854821696425, 0.6456224899598393)
(cap, 1.0807871485943776, 0.5635527058834228, 0.38084565759985073, 0.7476288806933741, 0.14504341491266273, 0.5977349397590362)
(cap, 0.8486907630522089, 0.6603558766272927, 0.3811532138432332, 0.7757011975503825, 0.14527777242302545, 0.5138795180722893)
(cap, 1.1464738955823293, 0.5415631420846123, 0.3659112974858527, 0.733359066005983, 0.1338910776277802, 0.632)
(cap, 0.2483534136546185, 0.8333946391850544, 0.5170318980303923, 0.8948146468225845, 0.26732198358090997, 0.21667469879518073)
(cap, 0.28189558232931733, 0.8150368372217479, 0.49571863857387716, 0.8830023151429245, 0.24573696862953823, 0.24195983935742973)
(cap, 0.3024257028112449, 0.766791760081686, 0.5507226815816795, 0.8774510748877864, 0.303295472008516, 0.25461847389558234)
(cap, 0.2796947791164659, 0.7972261509232876, 0.5297568503367388, 0.8840494212142688, 0.2806423204787019, 0.239855421686747)
(cap, 0.30335742971887547, 0.8108223402392524, 0.5122565772369991, 0.8790070399244034, 0.2624068009225657, 0.2521767068273092)
(cap, 0.2826987951807229, 0.7955977322421441, 0.5457508519935949, 0.8852155917788801, 0.29784399245173465, 0.23839357429718874)
(cap, 0.2829558232931727, 0.784546110123771, 0.5516354249887753, 0.8839758091188281, 0.30430164210254673, 0.2405140562248996)
(cap, 0.3079678714859438, 0.7816604207988833, 0.5140071136178884, 0.8730391684384597, 0.2642033128497928, 0.2628915662650603)
(cap, 0.246714859437751, 0.805394307111432, 0.5849307263098578, 0.8982816914717694, 0.34214395458137775, 0.21063453815261043)
(cap, 0.2234859437751004, 0.8244957555101118, 0.584844971191838, 0.9058116702102528, 0.34204364032838175, 0.1942168674698795)
(cap, 0.2173815261044177, 0.8281442534726812, 0.5747987676819218, 0.9060732341129223, 0.330393623328656, 0.19277108433734944)
(cap, 0.2665060240963856, 0.7941496240099579, 0.5531934922669042, 0.8887863926293407, 0.30602303988645335, 0.22975100401606427)
(cap, 0.29130923694779115, 0.8117100414301125, 0.5280015962572759, 0.8852930781951335, 0.27878568565023143, 0.23964658634538152)
(cap, 0.31452208835341366, 0.8132288565613042, 0.469156522271234, 0.871173737483872, 0.22010784238963887, 0.2670682730923694)
(cap, 0.3356305220883535, 0.7928412176377331, 0.48789021469896937, 0.8657829944211233, 0.23803686159900644, 0.2795341365461847)
(cap, 0.27171084337349405, 0.7961093457473118, 0.5471557246727338, 0.8871886605244507, 0.2993793870421444, 0.233285140562249)
(cap, 0.26316465863453814, 0.8150095602395383, 0.5301447471627982, 0.8895816678478619, 0.28105345294430734, 0.2278875502008032)
(cap, 0.2835341365461847, 0.8038822780422222, 0.5065603935679699, 0.8799366879281834, 0.2566034323317366, 0.2473574297188755)
(cap, 0.202570281124498, 0.8234104840734182, 0.6349469457437305, 0.915233073470352, 0.40315762390929183, 0.1750361445783133)
(cap, 0.2870200803212851, 0.8070827552621969, 0.5082905033091432, 0.8833509095204347, 0.25835923575426206, 0.24223293172690766)
(cap, 0.26432128514056225, 0.8141666787195484, 0.5169309823271087, 0.8866588744116739, 0.2672176404896695, 0.2329317269076305)
(cap, 0.2674538152610442, 0.8220051431128816, 0.5159869400303643, 0.8875028584927949, 0.2662425222818987, 0.23204819277108435)
(cap, 0.24014457831325303, 0.8236896361910179, 0.5753861326044647, 0.9012130403968817, 0.3310692015935226, 0.2046425702811245)
(cap, 0.2713253012048193, 0.8069579700318725, 0.5222302937111967, 0.8853425939050319, 0.2727244796696828, 0.23630522088353415)
(cap, 0.2870361445783132, 0.7925410159384959, 0.5346916698618448, 0.8822418143160878, 0.28589518181964807, 0.24408032128514054)
(cap, 0.25622489959839356, 0.7994811163355293, 0.5648947845778572, 0.8928661033273364, 0.31910611764326374, 0.22123694779116465)
(cap, 0.2975100401606426, 0.7814930629469509, 0.5429302305733205, 0.8801708480982754, 0.29477323527039895, 0.249285140562249)
(cap, 2.900690763052209, 0.23274414747772418, 0.45533476543852636, 0.6492979221864834, 0.20732974861695783, 1.0327389558232931)
(cap, 2.867967871485944, 0.2550118087615718, 0.4473443222283676, 0.6664394795667936, 0.2001169426299576, 0.9981526104417672)
(cap, 2.7465863453815262, 0.2343236239184047, 0.45628780379733497, 0.6512983518763817, 0.20819855989419525, 1.0107791164658635)
(cap, 2.7527871485943773, 0.23994425409300124, 0.42996659121397834, 0.6258556585348364, 0.18487126956016836, 1.0588433734939757)
(cap, 2.6427309236947787, 0.2789752950864515, 0.45348515498721403, 0.6565076761786046, 0.20564878579377752, 0.9862489959839357)
(cap, 2.7574618473895582, 0.22941173838757975, 0.44135518381899475, 0.6400204659066742, 0.19479439828389863, 1.0311004016064258)
(cap, 3.03522891566265, 0.1759030433822396, 0.43424888307296977, 0.6318460593112329, 0.18857209245012177, 1.0846425702811244)
(cap, 2.421429718875502, 0.32076005891267517, 0.45631816513742884, 0.6629948680229047, 0.20822626783438977, 0.9454779116465863)
(cap, 2.6789236947791166, 0.2783132685374743, 0.45133330638851527, 0.6550172764532509, 0.20370175345558938, 0.9932048192771086)
(cap, 2.902265060240964, 0.16308453082285257, 0.42955254612306554, 0.6286843295697159, 0.18451538988080834, 1.0737670682730924)
(cap, 3.042313253012048, 0.1935714812239852, 0.4272051357326157, 0.6262493243022229, 0.18250422799632263, 1.0973172690763051)
(cap, 2.7008835341365462, 0.2564891054163021, 0.43535604118774757, 0.6310098458748779, 0.18953488259866777, 1.0415421686746988)
(cap, 2.611534136546185, 0.2619290912180518, 0.4579479786565572, 0.6528140149002516, 0.20971635115562656, 0.9893333333333333)
(cap, 2.802987951807229, 0.16812518965196155, 0.4342097778625355, 0.6396287359048523, 0.18853813119143242, 1.0407710843373492)
(cap, 3.054152610441767, 0.23361609520969262, 0.4130755011951032, 0.6109730991766994, 0.17063136968758572, 1.1266666666666667)
(cap, 3.145253012048192, 0.24227846299030675, 0.42576152599561246, 0.6247242761138722, 0.1812728770181126, 1.1107469879518073)
(cap, 2.520883534136546, 0.17383712077513122, 0.45574679626318426, 0.6511645692467806, 0.2077051423041564, 0.9814779116465864)
(cap, 3.1143775100401605, 0.14926360411216946, 0.41822365372114284, 0.6131223342974441, 0.17491102453186239, 1.1310522088353414)
(cap, 2.825429718875502, 0.27265415647672075, 0.4512259626183062, 0.6488737541728612, 0.20360486934081706, 1.024433734939759)
(cap, 3.0610441767068273, 0.2155524843354453, 0.4467348578578467, 0.6545194526129465, 0.19957203322527053, 1.0449799196787148)
(cap, 2.8249477911646586, 0.25195360817784074, 0.43431521201988854, 0.6347070911111734, 0.18862970339188076, 1.0506184738955824)
(cap, 2.7900240963855425, 0.2163907050615743, 0.43889676311346054, 0.6351369750298737, 0.1926303686714731, 1.0464738955823294)
(cap, 3.516578313253012, 0.14791233212872693, 0.40839969909481866, 0.6041504120137146, 0.16679031422073842, 1.1988273092369477)
(cap, 2.692722891566265, 0.22263843344104187, 0.4415834781715246, 0.6415031125504832, 0.19499596819406134, 1.0212048192771084)
(cap, 2.8274538152610442, 0.2768658267762266, 0.4387383193314584, 0.6459219012677837, 0.19249131284979276, 1.0296385542168676)
(cap, 3.2528835341365454, 0.1664171474911335, 0.40922622353731486, 0.6026151133088058, 0.1674661020306124, 1.1678072289156627)
(cap, 2.596433734939759, 0.2748332257533002, 0.4529769703585725, 0.6737912033605867, 0.20518813567523103, 0.94885140562249)
(cap, 2.995855421686747, 0.1814408340322818, 0.4211119843534197, 0.6147337403324931, 0.17733530336607478, 1.1110361445783132)
(cap, 2.736899598393574, 0.25014577260883536, 0.45249954375601487, 0.6473069188383718, 0.2047558370994016, 1.015967871485944)
(cap, 2.7426827309236947, 0.2450247649035332, 0.45281668862879826, 0.6563458062260047, 0.20504295350075002, 1.001285140562249)
(cap, 3.167598393574297, 0.16065209628953894, 0.4107658058029908, 0.6051948341341395, 0.16872854721698036, 1.152016064257028)
(cap, 3.0568192771084335, 0.22667956565817354, 0.42470162605036, 0.6180476908637361, 0.18037147116981983, 1.1126265060240965)
(cap, 2.959951807228916, 0.17865449483638404, 0.4343907010663146, 0.623945952075392, 0.1886952811728843, 1.0890441767068273)
(cap, 2.4783775100401604, 0.3338346932471643, 0.45683219719349777, 0.6730140329939055, 0.20869565639263885, 0.9341204819277109)
(cap, 3.2239518072289157, 0.17119258486879788, 0.42487157095861544, 0.6117961356788287, 0.18051585180884178, 1.1472931726907631)
(cap, 2.622827309236948, 0.22152082295426478, 0.4427796377977015, 0.6690155836652222, 0.19605380764826374, 0.9622650602409638)
(cap, 3.0276787148594373, 0.15922014580898255, 0.4325161301820959, 0.6196581683662619, 0.1870702028676957, 1.1063935742971887)
(cap, 2.6880481927710846, 0.2690297795073951, 0.45093536024330155, 0.6437624675736086, 0.20334269911775615, 1.01685140562249)
(cap, 2.466570281124498, 0.3307418372355871, 0.47858191356292246, 0.6701332292113298, 0.22904064798954857, 0.9373172690763052)
(cap, 2.679116465863454, 0.3178671470227224, 0.4378609658138774, 0.6400352449838489, 0.19172222538346154, 1.0201927710843373)
(cap, 2.7033253012048193, 0.18474694454892718, 0.4450941972638971, 0.6575852829638229, 0.19810884443799295, 0.9937028112449798)
(cap, 3.0514377510040163, 0.17293822145582613, 0.4293328212194685, 0.631647755969457, 0.1843266713762681, 1.0883855421686748)
(cap, 3.1656385542168675, 0.1756401353016051, 0.4381286706581856, 0.6364926611963324, 0.19195673205270886, 1.0923534136546185)
(cap, 2.6099598393574297, 0.2852487732991141, 0.4559608959545756, 0.6651566454444412, 0.2079003386396993, 0.9676144578313252)
(cap, 3.3766265060240963, 0.14692245599546047, 0.4152937188950274, 0.6031355313095356, 0.17246887295366206, 1.1831807228915663)
(cap, 2.9752128514056224, 0.16831389673124594, 0.4165562791405167, 0.6151900844026712, 0.17351913369139205, 1.1089317269076304)
(cap, 2.726795180722892, 0.24349999736491984, 0.45664918954795203, 0.6540003354693077, 0.2085284823148014, 1.0014939759036146)
(tulis, 1.157124497991968, 0.3541111587958406, 0.5575884801056799, 0.764664244120913, 0.31090491314656216, 0.5794538152610442)
(tulis, 0.9766746987951809, 0.3976760505017512, 0.6118862288731158, 0.7894181086827439, 0.3744047570845631, 0.5102008032128514)
(tulis, 1.0125943775100403, 0.4073646708095196, 0.5954779900318001, 0.7815971183744395, 0.3545940366123127, 0.5289317269076306)
(tulis, 1.7843212851405623, 0.3287304502768933, 0.5240062458605582, 0.7234422853011656, 0.2745825457008758, 0.7416224899598394)
(tulis, 2.23395983935743, 0.3421631331137626, 0.46787638682646154, 0.6867113912713346, 0.2189083133497847, 0.8695261044176706)
(tulis, 1.3414779116465865, 0.3792752088342518, 0.5264784563253831, 0.7423540463234864, 0.2771795649747584, 0.6445783132530121)
(tulis, 1.3932530120481927, 0.3618251018177183, 0.5194909471277387, 0.7293957897187381, 0.269870844147675, 0.675726907630522)
(tulis, 1.5312128514056225, 0.33887942605511423, 0.5369638559022785, 0.7363406558409251, 0.2883301825454429, 0.6827630522088353)
(tulis, 1.579309236947791, 0.3643613292955262, 0.5141923414166617, 0.7345177149149369, 0.26439376397154885, 0.6918232931726908)
(tulis, 1.439421686746988, 0.27833370490001913, 0.5220392715884771, 0.7264010354049192, 0.2725250010806277, 0.6869076305220884)
(tulis, 1.1129156626506025, 0.33834409854971703, 0.5680193859989278, 0.7635709096481315, 0.3226460228705989, 0.5751485943775102)
(tulis, 1.226008032128514, 0.34267412217589643, 0.5760881369964486, 0.767797301766685, 0.33187754158803884, 0.5836305220883535)
(tulis, 1.977461847389558, 0.2971948412528414, 0.46724465903208545, 0.6836436288482781, 0.21831757139400979, 0.8400481927710843)
(tulis, 1.3697670682730925, 0.33980166913048876, 0.5380123483220295, 0.7436707698397849, 0.2894572869469848, 0.6462329317269077)
(tulis, 1.3058955823293172, 0.30813736621571025, 0.5281052659123221, 0.7331664340129259, 0.2788951718843244, 0.6564176706827309)
(tulis, 1.2433574297188756, 0.3473276594233582, 0.5336910693590333, 0.747251105633246, 0.2848261575135885, 0.6218313253012049)
(tulis, 1.8027951807228915, 0.34870647547206823, 0.4944385637576753, 0.7098360334231631, 0.24446949333075274, 0.7683212851405623)
(tulis, 1.220240963855422, 0.32318634162418985, 0.5534416668028995, 0.7491982565261659, 0.3062976785535717, 0.6158714859437752)
(tulis, 1.1179277108433734, 0.2934307524803208, 0.5591416412482824, 0.7542707117082738, 0.3126393749778229, 0.5919518072289156)
(tulis, 1.248273092369478, 0.3221651998429528, 0.5290724877816483, 0.7367458253215872, 0.2799176973274624, 0.6413333333333333)
(tulis, 1.2629558232931726, 0.45056725385870505, 0.4083429016054125, 0.7154801199760519, 0.16674392529152757, 0.6799839357429719)
(tulis, 1.290168674698795, 0.4459414917673429, 0.43812024190327153, 0.7225222384855553, 0.1919493463653812, 0.6712128514056225)
(tulis, 1.1712289156626505, 0.40907675606610755, 0.47112498597210833, 0.7326210103861699, 0.22195875240721927, 0.6355180722891566)
(tulis, 1.5460401606425704, 0.43273501787430957, 0.44764463091299606, 0.7117107356759802, 0.20038571558523247, 0.7271807228915663)
(tulis, 1.0781686746987953, 0.4327875185487949, 0.468480617527091, 0.7360094134149414, 0.21947408899856455, 0.6163212851405622)
(tulis, 1.1968835341365462, 0.5074703041473786, 0.4658993682320368, 0.7372288643088927, 0.217062221319011, 0.631132530120482)
(tulis, 1.4126425702811245, 0.5394613769960909, 0.4350111998049506, 0.7179436441424251, 0.1892347439557427, 0.6967550200803213)
(tulis, 1.4930763052208835, 0.4142745301024318, 0.3992540125282335, 0.693601145656369, 0.15940376651989485, 0.751004016064257)
(tulis, 1.5486425702811242, 0.5015918591644641, 0.44181653874157106, 0.7107450392986892, 0.19520185390558217, 0.7291726907630522)
(tulis, 1.465863453815261, 0.3978862830331367, 0.3903957345246071, 0.6865212707010013, 0.15240882953500748, 0.7600963855421687)
(tulis, 1.6858955823293171, 0.5714682842265392, 0.4166827630509689, 0.6994932101157473, 0.17362452502378992, 0.7688835341365461)
(tulis, 2.3791646586345383, 0.4361607240401651, 0.35735840956463627, 0.6425093601260858, 0.12770503288656632, 0.9673413654618472)
(tulis, 1.0152128514056225, 0.44156603005913175, 0.4937787440804593, 0.753951110200862, 0.24381744810567574, 0.5765622489959839)
(tulis, 1.5734136546184738, 0.42083169109956936, 0.4385648703414961, 0.7043959483574509, 0.19233914549765327, 0.7433734939759037)
(tulis, 1.48170281124498, 0.42916527726459647, 0.3825115957103647, 0.677874298298735, 0.14631512085288947, 0.7773493975903615)
(tulis, 1.4155180722891565, 0.4139106354039547, 0.39672505570771954, 0.69983004483631, 0.15739076982629316, 0.7294779116465864)
(tulis, 1.3816385542168674, 0.43515023696462224, 0.3996742248485512, 0.6917825943175907, 0.15973948600829024, 0.739004016064257)
(tulis, 1.1543775100401605, 0.46263995154641485, 0.4464786764548725, 0.731698921993465, 0.1993432085288947, 0.6355983935742971)
(tulis, 1.4626666666666666, 0.4214608665501806, 0.3854223843371784, 0.679747562096251, 0.14855041434815566, 0.771710843373494)
(tulis, 1.4533172690763052, 0.39591668825351534, 0.4027131693198037, 0.6886327029335393, 0.1621778967436009, 0.754714859437751)
(tulis, 1.7188755020080322, 0.6266814252883618, 0.33970394684737687, 0.7027120178893389, 0.11539877150368545, 0.7697349397590361)
(tulis, 1.3927228915662653, 0.7046385822021757, 0.34765183626913615, 0.7227093101278785, 0.12086179926130225, 0.6874056224899598)
(tulis, 1.6556787148594379, 0.707221454759316, 0.3102766852753537, 0.6846314005440864, 0.09627162142546088, 0.7922248995983936)
(tulis, 1.4433895582329317, 0.7135115960805881, 0.3379355748761749, 0.7064326037425966, 0.11420045276689082, 0.7233895582329317)
(tulis, 1.5669397590361445, 0.7521941266500447, 0.27466874116342477, 0.6830867926641138, 0.07544291737230044, 0.7812369477911646)
(tulis, 1.5533333333333332, 0.6907062541642192, 0.352082531515328, 0.6960626124898273, 0.12396210899824193, 0.7577991967871487)
(tulis, 1.5666024096385542, 0.6580593882792262, 0.35603197593873565, 0.7103916692574382, 0.12675876789084045, 0.7337028112449799)
(tulis, 1.434425702811245, 0.762733867145702, 0.31129859675506394, 0.7040796495999897, 0.09690681634167189, 0.7253172690763052)
(tulis, 1.3230361445783132, 0.7408358046128357, 0.33393731471518867, 0.7102222855467364, 0.11151413015919097, 0.6989076305220884)
(tulis, 1.5636144578313251, 0.6641031712536903, 0.3667731577544977, 0.7235195557330214, 0.13452254924920565, 0.7110200803212852)
(tulis, 1.5026184738955823, 0.7066076408105315, 0.33957105208085653, 0.6988963829882326, 0.11530849941129978, 0.7456064257028112)
(tulis, 1.4129156626506023, 0.7091384517545755, 0.34754007686965255, 0.7138602456788141, 0.120784105030564, 0.7057991967871486)
(tulis, 1.5378955823293172, 0.6784776620833999, 0.34826040671038466, 0.6998822997014351, 0.12128531088208255, 0.7481124497991968)
(tulis, 1.5769317269076306, 0.6965184599179317, 0.32101807454379183, 0.6889790886672531, 0.10305260418380348, 0.77285140562249)
(tulis, 1.5869558232931726, 0.6901719055555182, 0.3242612106816008, 0.6899884104351858, 0.10514533275269751, 0.7729156626506024)
(tulis, 1.330586345381526, 0.7560002845602831, 0.3346720369263718, 0.724585058197815, 0.11200537230044677, 0.675132530120482)
(tulis, 1.5258313253012048, 0.6965020552349896, 0.33722089271721023, 0.7097322716818111, 0.11371793048499221, 0.7302008032128514)
(tulis, 1.5568353413654616, 0.7015635163887395, 0.31801462541682, 0.7085502908785687, 0.10113330197900035, 0.7353413654618474)
(tulis, 1.7641606425702812, 0.6219666932252188, 0.33261195198224897, 0.6864427067202403, 0.11063071060144189, 0.8045461847389558)
(tulis, 1.465991967871486, 0.7108498748925597, 0.32871475885213114, 0.6983281762490835, 0.10805339268721471, 0.74085140562249)
(tulis, 1.4560160642570281, 0.7419762282501463, 0.3305236073298527, 0.7045485475226084, 0.10924585500233866, 0.7276626506024095)
(tulis, 1.6653654618473896, 0.6589308715749687, 0.33560908381298044, 0.6834801673613864, 0.11263345713778813, 0.7957751004016064)
(tulis, 1.752417670682731, 0.6347924587601343, 0.33398341718243374, 0.6830573921465487, 0.11154492295285559, 0.8088032128514057)
(tulis, 0.9314538152610441, 0.8286756454776988, 0.35442615168982844, 0.7791285520705791, 0.1256178970016613, 0.5211726907630522)
(tulis, 0.9346987951807229, 0.8573282267441219, 0.3488885350419408, 0.7908935176685707, 0.12172320988371155, 0.5010602409638554)
(tulis, 0.9937991967871487, 0.8434015015968647, 0.31544544843476613, 0.7717882987496028, 0.0995058309382107, 0.5432289156626506)
(tulis, 1.1858955823293171, 0.7869122742542554, 0.3329099450778686, 0.7524610620542583, 0.11082903153174949, 0.6059116465863454)
(tulis, 1.009285140562249, 0.8322441123871337, 0.31424378873018943, 0.7611220265678098, 0.09874915875550394, 0.5639518072289157)
(tulis, 1.2368192771084336, 0.7761008524972219, 0.34172486329713914, 0.746224107288884, 0.11677588219544843, 0.6242570281124498)
(tulis, 1.1537670682730923, 0.7922185413020766, 0.3258991420706817, 0.7443288844751637, 0.1062102508024064, 0.6149718875502008)
(tulis, 1.2589076305220883, 0.7607711713664185, 0.33059040650130134, 0.7384236311762888, 0.10929001687069564, 0.6411726907630522)
(tulis, 1.1308755020080323, 0.8256099972820374, 0.30893267041294, 0.7508839848080104, 0.0954393948484702, 0.5997911646586345)
(tulis, 1.1072449799196789, 0.7959991832397448, 0.3418665151517904, 0.7640377070959636, 0.11687271418202932, 0.5741044176706828)
(tulis, 1.0618473895582328, 0.8333012634200729, 0.30785156235138134, 0.7593094675878518, 0.09477258444218642, 0.5747791164658634)
(tulis, 1.1580240963855424, 0.7907169110874479, 0.3313306204757382, 0.7449993348961457, 0.10977998006483765, 0.6143775100401607)
(tulis, 0.979164658634538, 0.8241184405673839, 0.341960475905003, 0.7723614583563556, 0.11693696708117612, 0.5401927710843374)
(tulis, 1.167389558232932, 0.8033452869148658, 0.3262758858361532, 0.7544571916625779, 0.10645595367816646, 0.5995502008032129)
(tulis, 0.8689156626506024, 0.8687185209562989, 0.30859311728699107, 0.7791347107888568, 0.09522971203690264, 0.5112289156626506)
(tulis, 1.068273092369478, 0.8171771967295806, 0.32559637637179967, 0.7592476112595177, 0.10601300030644664, 0.5760321285140563)
(tulis, 0.9466184738955823, 0.8215005692068175, 0.36878853025644504, 0.7879211397626705, 0.1360049800487089, 0.5083855421686747)
(tulis, 1.0428112449799198, 0.8202856391667906, 0.3159501981854477, 0.7541621254247759, 0.09982452773342367, 0.5811244979919679)
(tulis, 0.8079196787148595, 0.8706463879733133, 0.3334042825736608, 0.7939139052479945, 0.11115841563845745, 0.47657831325301203)
(tulis, 1.0328835341365463, 0.8173819503118579, 0.3338150530900628, 0.7602597539479183, 0.11143248966952146, 0.5688835341365461)
(tulis, 0.9070522088353414, 0.8516047232472685, 0.3470065345314118, 0.7899773573933744, 0.12041353500749988, 0.49857028112449797)
(tulis, 1.127887550200803, 0.7738753439522329, 0.3559016230064495, 0.7674658142414343, 0.1266659652586249, 0.5713253012048192)
(tulis, 1.042136546184739, 0.8302219825246191, 0.3178752283963806, 0.7591563357502408, 0.10104466082805115, 0.5723534136546184)
(tulis, 1.566425702811245, 0.7747268870025722, 0.25767850842907053, 0.6922587655747117, 0.06639821370623056, 0.7657510040160642)
(tulis, 1.9317590361445782, 0.713932682111842, 0.23309476305099047, 0.6339752942060525, 0.054333168561797394, 0.920417670682731)
(tulis, 2.0858955823293175, 0.6835497692049004, 0.28156992640849654, 0.6791228772249325, 0.07928162345768615, 0.8648835341365462)
(tulis, 1.7314698795180723, 0.7427047554266065, 0.2615233375617134, 0.6764376318530819, 0.06839445608941791, 0.8184096385542169)
(tulis, 1.922570281124498, 0.7253545105578086, 0.2426558300167118, 0.6568246855589166, 0.05888185184109933, 0.8798714859437751)
(tulis, 1.9342650602409637, 0.7144718170918245, 0.2524139181024649, 0.6699548230343411, 0.06371278605183786, 0.858570281124498)
(tulis, 1.6484016064257028, 0.7593193899392425, 0.2443841836776402, 0.6722952811613336, 0.059723629231786576, 0.8125783132530121)
(tulis, 1.6792128514056224, 0.7519909544359323, 0.26104189211233836, 0.6815396180785267, 0.06814286943758971, 0.8019759036144578)
(tulis, 2.1350843373493973, 0.6901650226471423, 0.2398106606244726, 0.636620744933998, 0.05750915294914597, 0.9461044176706825)
(tulis, 2.0675180722891566, 0.7034918194035078, 0.236428114893386, 0.6394954658305474, 0.05589825351204013, 0.9307469879518072)
(tulis, 1.8238232931726908, 0.7357745603994, 0.2518432835457507, 0.6727713835407669, 0.06342503946710537, 0.8369959839357429)
(tulis, 2.056305220883534, 0.6840399778560059, 0.26686639058650785, 0.6713632045609366, 0.07121767042467057, 0.8739437751004016)
(tulis, 1.6601445783132531, 0.7556639358434685, 0.2488533007433946, 0.6746105806618918, 0.0619279652908824, 0.8113734939759035)
(tulis, 2.143614457831325, 0.6865295764463107, 0.24530004444485598, 0.6442458061179535, 0.06017211180464832, 0.9343614457831325)
(tulis, 1.5437590361445783, 0.7754435912518466, 0.2646830535199868, 0.6960137317276935, 0.07005711882066419, 0.7564176706827308)
(tulis, 1.8986345381526106, 0.7292050683523679, 0.26500647087566387, 0.6805957888543289, 0.07022842960597409, 0.8346666666666667)
(tulis, 2.2017188755020083, 0.6695542755660566, 0.2586888266503315, 0.6495008670121356, 0.06691990903372526, 0.9335421686746987)
(tulis, 2.05293172690763, 0.6910843629434097, 0.2781679557212434, 0.6779397078591975, 0.07737741159013564, 0.8618634538152611)
(tulis, 1.7031807228915663, 0.7538597337285897, 0.25428356776749683, 0.6764876239702604, 0.06466013283656716, 0.8135742971887551)
(tulis, 1.6726425702811243, 0.7566981658295213, 0.2747523111871883, 0.6937603030932584, 0.07548883250270157, 0.7795983935742973)
(tulis, 1.9522409638554217, 0.7195163685433245, 0.25859225476905673, 0.662487157778724, 0.06686995422654474, 0.8743935742971887)
(tulis, 2.234570281124498, 0.6700571177387488, 0.24741970921465167, 0.645718745447732, 0.06121651250786279, 0.9449959839357431)
(tulis, 1.7701044176706828, 0.7354820887084128, 0.2691733254327595, 0.6972386681617015, 0.07245427912453026, 0.7872289156626506)
(tulis, 0.9052048192771084, 0.804565471640744, 0.4461243931299635, 0.8011035272310963, 0.19902697414557824, 0.47963052208835344)
(tulis, 1.0457670682730924, 0.8005259439451817, 0.4071040369983721, 0.7784420069417944, 0.1657336969403719, 0.5397751004016064)
(tulis, 0.7386024096385542, 0.7972086932275653, 0.5261854586713192, 0.8257933215557596, 0.2768711369171465, 0.4114698795180723)
(tulis, 0.9181044176706827, 0.805316782190643, 0.46694351519549215, 0.8087711134129277, 0.2180362463831228, 0.46830522088353416)
(tulis, 0.9237590361445783, 0.8087101841765418, 0.4433701169768373, 0.7932757782260262, 0.19657706062805438, 0.49580722891566265)
(tulis, 0.9529477911646587, 0.8365519368158504, 0.4065574648710599, 0.8014759272383652, 0.16528897224238315, 0.48602409638554217)
(tulis, 0.9904738955823293, 0.8063199807784884, 0.4070387541082674, 0.7881165547600699, 0.16568054734601056, 0.514714859437751)
(tulis, 0.8122248995983936, 0.81579155517198, 0.4775163217977631, 0.8185242181395264, 0.22802183758326483, 0.4352289156626506)
(tulis, 0.8337349397590361, 0.7902184887811884, 0.5043653373716711, 0.8173157115682984, 0.2543843935420396, 0.4407710843373494)
(tulis, 0.7932048192771084, 0.8052939179372903, 0.4945621576165393, 0.8235827291064711, 0.24459172774632668, 0.423855421686747)
(tulis, 0.800273092369478, 0.813691917355293, 0.47833510880438007, 0.8105034581765979, 0.22880447631489811, 0.4472128514056225)
(tulis, 1.000417670682731, 0.8037947096203315, 0.4354247783868805, 0.7909304548510785, 0.18959473763326398, 0.5115823293172691)
(tulis, 0.9915502008032129, 0.7819975937556638, 0.4519393971430474, 0.7953677660869725, 0.20424921869002113, 0.5025220883534136)
(tulis, 0.7131084337349397, 0.8281948504841791, 0.4910211482573836, 0.8314063130349453, 0.24110176803599948, 0.3981526104417671)
(tulis, 0.9542329317269076, 0.8136519011828932, 0.4198448054732751, 0.792016810988604, 0.1762696606828922, 0.5024738955823294)
(tulis, 0.9586666666666667, 0.8173053478914538, 0.4321544376452523, 0.800808480835412, 0.18675745797648424, 0.48791967871485953)
(tulis, 0.897574297188755, 0.8311216644981957, 0.4040642413809012, 0.8031029893328971, 0.16326791116272318, 0.4746987951807229)
(tulis, 0.7683855421686747, 0.8451171234526869, 0.4631101237567805, 0.8238893092732923, 0.21447098672602055, 0.41943775100401604)
(tulis, 0.752, 0.8008646699243233, 0.5179814386889524, 0.823254560322739, 0.268304770826277, 0.41805622489959837)
(tulis, 1.043437751004016, 0.786948052311754, 0.4238677276970437, 0.7868955932326591, 0.17966385058305515, 0.525012048192771)
(tulis, 0.7177349397590361, 0.8316102416468658, 0.4723716093368258, 0.8285892384015701, 0.22313493730746278, 0.4035502008032128)
(tulis, 0.7176867469879518, 0.8648372017618913, 0.444947302242133, 0.8306126587799161, 0.19797810177255207, 0.4001927710843374)
(tulis, 0.7680803212851407, 0.5442801616978612, 0.3936868961134173, 0.756678544040415, 0.15498937217141662, 0.532995983935743)
(tulis, 0.6385542168674698, 0.6547818569310995, 0.4086624123585645, 0.7930481435587035, 0.1670049672747214, 0.4507951807228916)
(tulis, 0.7775100401606425, 0.520545794564447, 0.39491325391954196, 0.7600066873830165, 0.15595647812132063, 0.5289317269076305)
(tulis, 0.7435020080321284, 0.5603568665221413, 0.4040654171553736, 0.7670753708732447, 0.1632688613409461, 0.5114377510040161)
(tulis, 0.7631004016064258, 0.5500801367374151, 0.3919239411816534, 0.7558516200548803, 0.15360437567136012, 0.5336064257028112)
(tulis, 0.7108755020080322, 0.583987528816688, 0.3906073669648018, 0.7679510076505116, 0.15257411512717534, 0.504706827309237)
(tulis, 0.7649156626506025, 0.5443286742389227, 0.3848172475278825, 0.7470522379109197, 0.14808431399493557, 0.5486265060240965)
(tulis, 0.8380722891566266, 0.5341318739516748, 0.3844707515668022, 0.751443885951044, 0.14781775881034176, 0.5530281124497993)
(tulis, 0.74629718875502, 0.5766478664805624, 0.38889159206170076, 0.7713793890494103, 0.15123667037628427, 0.5046586345381525)
(tulis, 0.6698152610441767, 0.6238486554247082, 0.3880738151998579, 0.7794537716476766, 0.15060128604377346, 0.4788112449799196)
(tulis, 0.7355341365461848, 0.5547035943124556, 0.407786805421841, 0.7693783767084971, 0.1662900786761504, 0.5062329317269076)
(tulis, 0.7640160642570282, 0.5484545845553742, 0.3860980383668403, 0.7556478802086173, 0.14907169523072208, 0.5340401606425703)
(tulis, 0.6823453815261045, 0.58298739859547, 0.4179244653766307, 0.7831135272654762, 0.17466085876034257, 0.4746345381526104)
(tulis, 0.6911004016064258, 0.5539009063972885, 0.4106516402411512, 0.7808898362681496, 0.16863476963274787, 0.4797911646586346)
(tulis, 0.7895261044176707, 0.5064300949452952, 0.3966378250152586, 0.7580202273690579, 0.15732156423283492, 0.5340401606425703)
(tulis, 0.655582329317269, 0.6099287882661851, 0.40809753705259133, 0.7725472314597757, 0.16654359974839114, 0.48816064257028113)
(tulis, 0.7309718875502009, 0.5480597297141666, 0.4003951391001665, 0.7580024278107906, 0.16031626741504168, 0.5247710843373494)
(tulis, 0.2823775100401606, 0.7741034184641975, 0.4922412238864047, 0.8765076305220882, 0.2423014224931856, 0.2528835341365462)
(tulis, 0.2814779116465863, 0.8053389327896497, 0.4689819699387289, 0.8780057206200368, 0.21994408812761082, 0.25021686746987953)
(tulis, 0.31983935742971886, 0.783307913167809, 0.4547990144869812, 0.8635144814552327, 0.2068421435783293, 0.2807710843373494)
(tulis, 0.3114216867469879, 0.7920388371301204, 0.45207825602273255, 0.8680487597448616, 0.20437474956855534, 0.27180722891566267)
(tulis, 0.33034538152610443, 0.7603792979859036, 0.457330572060402, 0.857302149775573, 0.20915125214109456, 0.29288353413654616)
(tulis, 0.29972690763052207, 0.791446526902524, 0.4621476270834716, 0.8765994802740372, 0.21358042921888354, 0.2556144578313253)
(tulis, 0.30420883534136545, 0.7766449314000815, 0.4740324583487934, 0.863411386723364, 0.22470677156820051, 0.27834538152610444)
(tulis, 0.2783293172690763, 0.7802847438825099, 0.4892519782296663, 0.8811511457595086, 0.2393674982016419, 0.24446586345381524)
(tulis, 0.2803373493975904, 0.7806772651952391, 0.4977492638265219, 0.873267469879518, 0.2477543296398445, 0.2579437751004016)
(tulis, 0.29656224899598393, 0.7385727141431062, 0.5003930409833747, 0.8681622489959838, 0.25039319546458927, 0.2691566265060241)
(tulis, 0.3413172690763053, 0.7463323519352183, 0.4738887296489088, 0.8555514292463974, 0.22457052808825662, 0.29762248995983936)
(tulis, 0.2698152610441767, 0.786542699373678, 0.49567214563016715, 0.879273517599811, 0.2456908759536136, 0.24616867469879516)
(tulis, 0.24568674698795184, 0.7886123276778033, 0.5152016976656737, 0.8875447200566974, 0.2654327892775923, 0.22836947791164663)
(tulis, 0.24382329317269077, 0.8063209294757467, 0.5062717563132115, 0.8911174108197496, 0.25631109124046386, 0.22210441767068273)
(tulis, 0.2690120481927711, 0.7770111338762026, 0.4969459245708221, 0.8810846208362862, 0.24695525194754922, 0.24302008032128516)
(tulis, 0.25775100401606427, 0.8017573482992351, 0.5104924570775604, 0.8851174108197497, 0.2606025487330849, 0.23442570281124495)
(tulis, 0.27897188755020075, 0.7986629763557546, 0.46678417421646456, 0.8776439913500154, 0.21788746529894676, 0.2504096385542169)
(tulis, 0.2904096385542169, 0.7510092893341064, 0.4918468637673558, 0.8691350815024805, 0.2419133373977839, 0.2665060240963855)
(tulis, 0.24949397590361444, 0.8096034350356558, 0.4970303860509832, 0.8853156626506025, 0.24703920465798943, 0.23272289156626505)
(tulis, 0.31681927710843377, 0.7764590788433104, 0.4688399652176363, 0.8666222537207654, 0.21981091298527444, 0.2750843373493976)
(tulis, 0.2664899598393574, 0.7947345408213523, 0.4947002920573523, 0.8809985353177415, 0.24472837896162966, 0.2427469879518072)
(tulis, 0.2963373493975904, 0.7561750649604916, 0.4866160429323526, 0.8702386959603118, 0.23679517323914126, 0.2656546184738956)
(tulis, 0.3223293172690763, 0.7653459921213438, 0.46681976903614036, 0.8623976376092606, 0.21792069676295545, 0.2830361445783132)
(tulis, 0.9625220883534138, 0.6219393995338386, 0.3696101149896027, 0.7558794394896451, 0.13661163710262736, 0.5650281124497992)
(tulis, 0.8800642570281125, 0.653854436600979, 0.3727960002368806, 0.7662432079792818, 0.13897685779261626, 0.534714859437751)
(tulis, 0.8619598393574297, 0.6457232846201686, 0.3572579900623127, 0.7479562194479275, 0.1276332714633635, 0.5626184738955823)
(tulis, 0.9048192771084338, 0.6335325437913928, 0.3758995434509931, 0.7618889709750093, 0.14130046676666502, 0.545847389558233)
(tulis, 0.9036144578313252, 0.6501971146378999, 0.36214029981271, 0.748713323736428, 0.1311455967484395, 0.568289156626506)
(tulis, 0.8672449799196787, 0.6598517298762738, 0.36379440289085885, 0.7525127167837302, 0.13234636757471654, 0.555855421686747)
(tulis, 0.9464417670682731, 0.6103425840615516, 0.3558659308857044, 0.7551894793556027, 0.12664056076514896, 0.5636626506024097)
(tulis, 0.999855421686747, 0.5672148874102454, 0.3573838219708788, 0.7365287619844672, 0.12772319620651282, 0.6034859437751003)
(tulis, 0.9313895582329319, 0.6300136673674827, 0.37435998439060886, 0.76626375989466, 0.1401453979129369, 0.5425060240963855)
(tulis, 0.8312289156626506, 0.6724491383879639, 0.3717146738796292, 0.7665477620890804, 0.1381717987774391, 0.5264257028112449)
(tulis, 1.0715983935742972, 0.5507959939407645, 0.36177004999234885, 0.7316241248717505, 0.13087756907146658, 0.6233413654618475)
(tulis, 0.8058795180722893, 0.682810087594958, 0.3654766071427041, 0.7606163877228369, 0.13357315036854245, 0.5325301204819277)
(tulis, 0.7999196787148595, 0.6743761438435805, 0.36314540155152936, 0.7696889746094565, 0.1318745826680215, 0.516)
(tulis, 0.8409477911646586, 0.6763457505039095, 0.36752862716476437, 0.7599527574895399, 0.13507729178561637, 0.5392610441767068)
(tulis, 0.8181847389558233, 0.6611140989617674, 0.38348571766953937, 0.7771979264004778, 0.14706129565652165, 0.5061847389558233)
(tulis, 1.101542168674699, 0.5724935213717488, 0.35046289223662114, 0.7247157053799151, 0.12282423883485752, 0.6396947791164659)
(tulis, 0.8442730923694779, 0.6735182119146523, 0.37003682747728855, 0.7662135925381851, 0.1369272536894566, 0.5290602409638555)
(tulis, 0.7890441767068274, 0.6673890709309406, 0.38614278918694095, 0.773922315359027, 0.14910625364107033, 0.5072128514056224)
(tulis, 0.826409638554217, 0.6635475686165709, 0.36135261628352283, 0.7553296896525813, 0.13057571329494688, 0.5445140562248996)
(tulis, 0.3604819277108434, 0.7867480550350674, 0.4323666926953408, 0.8516615166548547, 0.18694095695230725, 0.30727710843373496)
(tulis, 0.48371084337349396, 0.7127812729535079, 0.40877594222162633, 0.815991168293082, 0.16709777093917838, 0.38719678714859435)
(tulis, 0.42571887550200804, 0.7519355330550482, 0.4220157492609873, 0.830400661469407, 0.17809729262431248, 0.35355823293172695)
(tulis, 0.44626506024096385, 0.7269159554553883, 0.42260473771895957, 0.8236337349397591, 0.17859476434251062, 0.36825702811244987)
(tulis, 0.4424578313253012, 0.7286343885034109, 0.430785268716072, 0.8278335931963146, 0.18557594774277833, 0.3606265060240964)
(tulis, 0.4070361445783132, 0.7594106950988133, 0.4222337947122883, 0.8397726435152374, 0.1782813773971388, 0.33484337349397586)
(tulis, 0.42587951807228913, 0.735138655241678, 0.4391905582387047, 0.8373462792345854, 0.19288834644602507, 0.3419598393574297)
(tulis, 0.4320642570281125, 0.7668752409510515, 0.41707235054748015, 0.835271584073852, 0.17394934559120015, 0.3464738955823294)
(tulis, 0.42957429718875506, 0.7396129474156188, 0.4275301551704903, 0.8299266713914482, 0.1827820335801035, 0.35497188755020087)
(tulis, 0.4546345381526104, 0.7350517105862616, 0.41188712854516696, 0.827064587762816, 0.1696510066611829, 0.3639036144578313)
(tulis, 0.38504417670682733, 0.8005045557554605, 0.4156056873449036, 0.843033971178833, 0.17272808735342976, 0.32573493975903617)
(tulis, 0.5004016064257029, 0.7088963593661463, 0.40237317520711546, 0.8144069926765888, 0.16190417212625605, 0.3925783132530121)
(tulis, 0.4223293172690763, 0.7372710953409094, 0.43631293414289135, 0.8351508186592523, 0.19036897650037907, 0.3450602409638554)
(tulis, 0.39980722891566267, 0.774484302673446, 0.4231042020444238, 0.8383194897236004, 0.1790171657876486, 0.3360642570281125)
(tulis, 0.48922088353413656, 0.7033430715321247, 0.41564670679314425, 0.8158539097566737, 0.17276218486798603, 0.38833734939759035)
(tulis, 0.42215261044176705, 0.7559013079219058, 0.4166920131256185, 0.8360051972596266, 0.1736322338026806, 0.34363052208835343)
(tulis, 0.39953413654618475, 0.7613918534510189, 0.4274994998710074, 0.8422490904795653, 0.18275582238996144, 0.3294618473895582)
(tulis, 0.39874698795180724, 0.7731255625163745, 0.4298138999390659, 0.8424056697377746, 0.18473998858082932, 0.32909236947791165)
(tulis, 0.42939759036144576, 0.7449769324160492, 0.421470659493926, 0.8344362863217577, 0.17763751681424492, 0.347437751004016)
(tulis, 0.4414618473895582, 0.7365737795931688, 0.4221708930030415, 0.826490054334987, 0.17822826289898552, 0.362714859437751)
(tulis, 0.39145381526104417, 0.7696758220840669, 0.42610562740896224, 0.8459105126387905, 0.18156600570958537, 0.32202409638554214)
(tulis, 0.35281927710843375, 0.7982069968427067, 0.43050369078954814, 0.8575702338766832, 0.18533342778342288, 0.296144578313253)
(tulis, 1.4250120481927713, 0.2231146584277729, 0.5625509913000029, 0.7539617286806514, 0.31646361781261595, 0.6388594377510041)
(tulis, 1.6842409638554214, 0.22551886666265403, 0.5343685395272775, 0.7287922290409039, 0.2855497360365155, 0.720128514056225)
(tulis, 1.6659437751004016, 0.23322488927972607, 0.5475558344575635, 0.7427684214858703, 0.2998173918485187, 0.6924497991967871)
(tulis, 1.808722891566265, 0.09315467413395909, 0.5331725944452625, 0.7118444074254706, 0.28427301546749245, 0.7670200803212851)
(tulis, 1.9069236947791168, 0.30983761551267364, 0.4807829938976356, 0.7119846151685131, 0.23115228722117395, 0.7813333333333333)
(tulis, 2.318168674698795, 0.18786877559704634, 0.479348691738571, 0.6806461447698586, 0.22977516827147956, 0.8933012048192772)
(tulis, 1.9120481927710842, 0.25338623070460914, 0.5185205007377507, 0.7215287438908133, 0.2688635096853277, 0.7651887550200803)
(tulis, 1.4089317269076305, 0.254335023982768, 0.5578475491553038, 0.7459709639094474, 0.31119388809857906, 0.6505381526104417)
(tulis, 1.3120321285140562, 0.1346053992570619, 0.5970689027715816, 0.7653690408939169, 0.3564912746568605, 0.6019919678714859)
(tulis, 1.5392128514056225, 0.16113199315589719, 0.5574396258508778, 0.748943991379484, 0.31073893646876666, 0.6638393574297189)
(tulis, 2.152819277108434, 0.22670611243444413, 0.4886999568366382, 0.6901426390507608, 0.23882764781213206, 0.8554056224899598)
(tulis, 1.7230361445783133, 0.1759532618653709, 0.5344678864802661, 0.7188757552406029, 0.28565592167868264, 0.7426024096385542)
(tulis, 1.5748112449799199, 0.1965427891266685, 0.5410045492933409, 0.7361720923758625, 0.2926859223560909, 0.6909558232931727)
(tulis, 1.6546024096385543, 0.18578407469746544, 0.5289532560671868, 0.7295235015640403, 0.27979154710407894, 0.7136224899598392)
(tulis, 2.410907630522088, 0.2053025969833036, 0.44018938316744743, 0.6597763556414725, 0.19376669305333785, 0.9450763052208836)
(tulis, 1.8444016064257027, 0.12965962343435122, 0.5263411201784723, 0.7077987176294759, 0.2770349747907291, 0.7787951807228916)
(tulis, 1.690248995983936, 0.17261567670170447, 0.5383736092405754, 0.7198074614417065, 0.2898461431267238, 0.7365140562248995)
(tulis, 2.004642570281124, 0.2012969940990469, 0.5144859398721131, 0.7132987144174104, 0.26469578232609153, 0.7908915662650603)
(tulis, 1.6016064257028113, 0.30036890494514024, 0.5250929845360662, 0.7482941727924295, 0.27572264240899347, 0.6720321285140561)
(tulis, 1.5550843373493974, 0.15237024970247207, 0.5674831989387213, 0.7490321150567785, 0.32203718107772444, 0.6647710843373495)
(tulis, 1.491726907630522, 0.3043184357377839, 0.5181440015122477, 0.7447793936661407, 0.2684732063031242, 0.6639357429718876)
(tulis, 1.93914859437751, 0.2186072160387569, 0.5139643542403683, 0.7108062843719256, 0.2641593574297188, 0.7872128514056225)
(tulis, 2.027437751004016, 0.18767312875901485, 0.512600844907202, 0.7030439098008766, 0.26275962619957743, 0.8130763052208836)
(tulis, 1.6813493975903615, 0.2249652239431902, 0.5233772437683238, 0.7213214798487089, 0.27392373929452746, 0.7332690763052209)
(tulis, 1.4263453815261042, 0.20741928799759835, 0.5647888780192526, 0.7470966019784164, 0.3189864767342462, 0.6502489959839357)
(tulis, 1.7537991967871487, 0.17633121624935336, 0.5369583944308164, 0.7164631170689852, 0.2883243173497202, 0.7511325301204819)
(tulis, 1.5492048192771084, 0.27462744251596594, 0.5200896062187731, 0.7499583043240591, 0.2704931984967985, 0.6610763052208836)
(tulis, 1.5889799196787149, 0.34583479430016617, 0.5121079188413232, 0.7330667586083603, 0.26225452053999126, 0.6981204819277109)
(tulis, 1.7711325301204819, 0.39052608677002526, 0.47070549172595033, 0.725680094770669, 0.22156365994096872, 0.7397429718875502)
(tulis, 1.8383614457831325, 0.17391262436214666, 0.5218298308345674, 0.7101711465158664, 0.27230637234883315, 0.7737188755020079)
(tulis, 1.6789558232931727, 0.19779101803619847, 0.5419027224547421, 0.7301133595504681, 0.2936585606038613, 0.7162248995983936)
(tulis, 1.7048032128514052, 0.2091901884315784, 0.5355519615176736, 0.7265416159833169, 0.2868159034854277, 0.7258152610441767)
(tulis, 1.6132048192771085, 0.22051725050703327, 0.5472750096270794, 0.7441754065988794, 0.29950993616231986, 0.6815421686746987)
(tulis, 1.9182008032128515, 0.19023056372173996, 0.5160096924258073, 0.7093221357780394, 0.26626600267737627, 0.7869879518072289)
(tulis, 1.634955823293173, 0.16799063139001663, 0.543637183722754, 0.7299869091923521, 0.29554138752600745, 0.7110361445783133)
(tulis, 1.9197911646586345, 0.19564565166289483, 0.5178801663626704, 0.7035605523770515, 0.2681998667118272, 0.7980883534136546)
(tulis, 1.6759036144578312, 0.1691675431397647, 0.5352275989107473, 0.7230523063956941, 0.2864685826357638, 0.728562248995984)
(tulis, 1.6495742971887553, 0.2348493924599331, 0.5522307699185064, 0.7480772898024778, 0.3049588232447864, 0.6798714859437751)
(tulis, 1.5102489959839358, 0.17613873452757353, 0.5495850817961391, 0.7373134087432032, 0.3020437621328689, 0.6801124497991968)
(tulis, 1.7183132530120484, 0.14522108057918787, 0.539842490679745, 0.7187159367665109, 0.29142991474331054, 0.7427630522088353)
(tulis, 1.8527550200803213, 0.16856818096879478, 0.5215104058420675, 0.7135886101529759, 0.27197310340155795, 0.7685140562248995)
(tulis, 1.496417670682731, 0.18827620948065163, 0.5627916697221567, 0.740316235184102, 0.3167344635086531, 0.6719678714859438)
(tulis, 1.631309236947791, 0.18529395037386998, 0.5528283300714939, 0.7429000835628192, 0.3056191625296366, 0.687020080321285)
(tulis, 1.6165140562248996, 0.3387228761246309, 0.5131483292884099, 0.7379539433016399, 0.2633212078514863, 0.6947469879518072)
(tulis, 1.6344417670682732, 0.25712299308697256, 0.5459544773311068, 0.7445370925698638, 0.298066291317882, 0.6846586345381527)
(tulis, 1.486955823293173, 0.2586911154420664, 0.5499104987359802, 0.7497951377971224, 0.30240155662005447, 0.6547630522088353)