[cap, 0.4418623861698894, 0.2118895175423312, 1.0486760946045557, 0.553498754990202, 1.0599850118357186, 0.4453715986089701]
[cap, 0.7060011102153021, -0.3299210794030909, 0.8938145728530348, 0.20829429625106458, 0.8727864213189386, 0.7537285340407988]
[cap, 0.7268044302877309, 0.2598213934377179, 0.8044707217343433, 0.24526378669199683, 0.7696203503928499, 0.7408937726311262]
[cap, 0.6388198675671747, -0.16447591881184215, 0.9694159663916501, 0.2934480231041934, 0.9628467632817505, 0.6802692431792923]
[cap, 0.5231195728314454, 0.3159309097296609, 0.8511509714429486, 0.4102476226484657, 0.823081178728531, 0.561744882228516]
[cap, 0.8265519884749079, 0.09104723224335333, 0.7600074886796429, 0.18153997648643422, 0.7195964284411266, 0.819443946509877]
[cap, 0.9283878087786308, -0.09326901315720973, 0.7387506968686025, 0.1257476265301227, 0.695990716582486, 0.8894615136414151]
[cap, 0.5158370891212116, -0.12172348410417783, 1.06365508924991, 0.4090178322467535, 1.0786554546672267, 0.5628562721829846]
[cap, 0.7006350695867087, 0.13921590019509697, 0.8036526014793041, 0.28030495675725625, 0.7686920028484375, 0.7098465564837052]
[cap, 0.5347239661119996, -0.07666362948981251, 1.048523318878723, 0.3928127515984531, 1.0597950979889075, 0.57945541892231]
[cap, 0.46437067974253576, 0.18236961666500087, 1.030549648554034, 0.4838455240996049, 1.0375244054861843, 0.4958143620263146]
[cap, 0.7975938726688782, 0.09102528830606123, 0.7760487781089357, 0.28536380427291513, 0.7375428717997907, 0.7454110350267089]
[cap, 0.5237804152733903, 0.1338175385732296, 0.9753011939297914, 0.4000141109871045, 0.9699638048055831, 0.5699906786648977]
[cap, 0.7277296097064538, 0.16718108643161456, 0.7831966871063631, 0.32122018092192484, 0.7455764302749004, 0.6966532821854945]
[cap, 0.4689701431384727, 0.10278993675370796, 0.9788530511099742, 0.4363936023955992, 0.9742665136450038, 0.5267181730183198]
[cap, 0.7905228585400667, 0.12390946186285916, 0.7243574309051842, 0.16841927090379988, 0.6801206485239577, 0.8094772882085107]
[cap, 0.9670603084812517, -0.031644747405731616, 0.7398029626415584, 0.1387732009517358, 0.697154549572944, 0.8986394435879966]
[cap, 1.2143475502570678, -0.41918782280033845, -0.15174436206554565, -0.4929519667257906, -0.11302388449515142, 1.3684347327286415]
[cap, 0.818859782450668, 0.02673685623207334, 0.003093889189823552, -0.042008530604086394, 0.0024099064649523937, 0.9456404832753734]
[cap, 0.8609290123048862, -0.1610076672358154, -0.03588037767050425, -0.21740921165279564, -0.027646355842044508, 1.0654196393360342]
[cap, 0.902390267112515, -0.20099380883758378, -0.03921026301636417, -0.20357498750893002, -0.030183094407783932, 1.0752070411931307]
[cap, 0.8997997647400906, -0.22182890495060148, 0.01499797609369677, -0.17151077249331884, 0.011724313310222414, 1.054771806546445]
[cap, 1.1226226193151028, -0.3616363455313911, -0.12164872342455264, -0.421157331789607, -0.09141898147124908, 1.2903506256049904]
[cap, 0.9330137058722459, -0.1836388504063865, -0.022998439536744835, -0.21527387548592608, -0.01778650265426641, 1.0941723729968091]
[cap, 0.8067927994607523, -0.02032227043020674, -0.013637620198025432, -0.14158612899965323, -0.010575588785343596, 0.9999551858889326]
[cap, 1.0895408466713365, -0.36872619497834, -0.1152603263707853, -0.41282179697954974, -0.08678127310245334, 1.2737514788656652]
[cap, 1.0159494323363425, -0.13289560236357362, -0.09849247409362454, -0.30954729848980256, -0.07452249037995519, 1.1826892051769258]
[cap, 1.0550184375041307, -0.312209904236275, -0.1016164101251986, -0.37619920600039863, -0.07681580708978195, 1.2368246513462158]
[cap, 1.159008604168594, -0.24573321548263793, -0.08644974783957624, -0.3326863746701256, -0.06564132268741073, 1.2531728390635641]
[cap, 0.9673378623068688, -0.3112470736614406, -0.061968255202664836, -0.3357069947977269, -0.04738881261555236, 1.176881296382605]
[cap, 0.8050217417163401, 0.11409184425145139, -0.017181269567424624, -0.07390867382466419, -0.013309933014431728, 0.9590130140178538]
[cap, 0.9905466488679769, -0.15142139465838966, -0.12649239204506993, -0.3079204765316375, -0.09492322826074316, 1.1709299824328685]
[cap, 1.0028647519858316, -0.3261397836930255, -0.03609548060660291, -0.3136902038054666, -0.027810371760957218, 1.1806098304234036]
[cap, 1.075226999378808, -0.03865352953098295, -0.15349407244854363, -0.3506158068800775, -0.11426761260926806, 1.2306223783745027]
[cap, 0.7685432389209765, 0.06313072462875469, 0.006666545733543992, -0.08275756026177798, 0.005198753168125338, 0.9498350840712723]
[cap, 1.0656447839706056, -0.3203157549516174, -0.040348672532604636, -0.3238182449275662, -0.03104921869657438, 1.2118004517262393]
[cap, 1.0049794478000553, -0.3642057169759109, -0.07719588999272024, -0.35974562373513963, -0.058773203151065496, 1.2081436202631486]
[cap, 1.0189100064762557, -0.1968719383768918, -0.07415694192875816, -0.28084606022249425, -0.05650945005074249, 1.1667712329258235]
[cap, 0.8884332747386366, 0.09552322915089063, -0.05080399142856394, -0.14292883673012857, -0.038976974465127316, 1.0329742229233139]
[cap, 0.7315096284743792, 0.2557250308319377, 0.01755163591162973, 0.030262139395756334, 0.013730615839868232, 0.8679507403291146]
[cap, 0.9644830229576663, -0.09006947438244142, -0.09854478792134273, -0.2744363360723716, -0.07456093015264297, 1.1411017101064782]
[cap, 1.091047567438971, -0.3066239213440269, -0.11885406729828678, -0.3929215924786372, -0.08939240344194362, 1.2596977736349624]
[cap, 1.1524926976910166, -0.15468861886392707, -0.1504410221809037, -0.32782428695783483, -0.11209656359905523, 1.24575162227082]
[cap, 0.9173517399981497, -0.2733998214237259, -0.03487976363140391, -0.26780040446053277, -0.026883118449859886, 1.1189456135948088]
[cap, 0.8078765810655425, -0.09297860848231694, 0.0031774142857287405, -0.09617082160851503, 0.002475042312192165, 0.9734252321370954]
[cap, 0.925070379720067, -0.2656650560128544, -0.04828691413030726, -0.2745453038453924, -0.037072825052099516, 1.125829061054745]
[cap, 2.206827163267733, 0.4536038302305988, -0.6694842392897702, -0.7397185911973396, -0.42185558045127647, 1.9092155737998782]
[cap, 1.7512291669420172, 0.6454983311732668, -0.5483865111749788, -0.3671788688786814, -0.3602626032188073, 1.5122342523213708]
[cap, 2.122966257384914, 0.5384608785543071, -0.6439973618363237, -0.47083736755960126, -0.4094322797498741, 1.7169451116767651]
[cap, 2.4325445077384646, 0.3736755654441674, -0.6265466153534248, -0.7315789203246275, -0.4007600945288208, 1.9908848098089125]
[cap, 2.1491752686324523, 0.4742564058069636, -0.7018016787718838, -0.7644895227087363, -0.43719448191205695, 1.9081400351342634]
[cap, 1.6998420586563752, 0.6623828897660928, -0.5143241995839182, -0.3000832417667466, -0.3417668225527002, 1.452506005090883]
[cap, 2.4883592603851388, 0.3577457975965177, -0.6941109260192974, -0.832268375717938, -0.4335861638793103, 2.0683594450220486]
[cap, 2.2734532982646276, 0.4591449965622607, -0.5559837384628464, -0.5335935730111954, -0.3643177642990511, 1.8035618255476282]
[cap, 2.4620973817422445, 0.3760265251624387, -0.7036376009628329, -0.8226811296714612, -0.43805197784932554, 2.056277560678306]
[cap, 1.8855652185405953, 0.6131542791667617, -0.676934909141526, -0.5293630292790992, -0.42543295742787607, 1.6594396443552144]
[cap, 2.3602351277408435, 0.43786650220808965, -0.6015806981515848, -0.5838068176530005, -0.3881186101410818, 1.873543541390313]
[cap, 2.2540377473202837, 0.44752249530290744, -0.6958922550775095, -0.7834369770503109, -0.4344242532669047, 1.9567543828200624]
[cap, 2.0649575078309828, 0.5165665220301223, -0.6218313364810794, -0.6642731297562048, -0.39839367016022154, 1.813564335137848]
[cap, 2.006763722393307, 0.537209180943809, -0.7105989536878297, -0.7093658776167029, -0.4412898174466262, 1.8196232029541461]
[cap, 1.870141155945599, 0.6175403846713544, -0.5658954316669285, -0.5053962495712665, -0.3695698653641972, 1.6375345068655218]
[cap, 2.0859062132406385, 0.5218088042307838, -0.7087911504130985, -0.7113877382812259, -0.44045104255404327, 1.8495231778582442]
[cap, 2.2984595762678257, 0.4194036190641091, -0.6456812440238264, -0.7299785367411297, -0.41026194997760995, 1.9450310113648583]
[cap, 2.3452340043086926, 0.39669071428630537, -0.7106572092828105, -0.7943431911521757, -0.44131682248117277, 1.9987003907790488]
[cap, 2.2560995757391518, 0.4609024813065555, -0.6856358580835172, -0.6761319055499139, -0.42957950951825197, 1.8889237443086078]
[cap, 2.1435052404805646, 0.513175079622103, -0.5888919509546992, -0.5615536404054144, -0.3815878105524059, 1.7785376259276524]
[cap, 2.0024682465206647, 0.5477664814858841, -0.6175303392765528, -0.6419078029912544, -0.39622656682660906, 1.7716900297565696]
[cap, 2.448761581263795, 0.39385151338989616, -0.7305665660283711, -0.8067959893720134, -0.45045795104435227, 2.0396067113612735]
[cap, 2.0780686218791713, 0.5161815591469185, -0.711378233738109, -0.7309244135168548, -0.441650936968896, 1.86117484673574]
[cap, 0.3858625976394708, 0.9706678630579113, -0.2906029351224221, 0.49603911781434123, -0.2075091450669985, 0.4583856164629116]
[cap, 0.3687335615442567, 1.0376665629577129, -0.3612204097721745, 0.4744826759687473, -0.2522828937352099, 0.4631179865916178]
[cap, 0.42383460435363, 0.9945631488863609, -0.3420613577879411, 0.3818840107259894, -0.24035386787717491, 0.5400907037608]
[cap, 0.374363939149628, 1.0603694572466105, -0.36935884621416365, 0.47930359954088525, -0.25730091898428653, 0.462400960814541]
[cap, 0.4157987602595788, 1.0283059651276731, -0.3231861440365128, 0.5106144074960404, -0.22844251388717648, 0.4608593553938261]
[cap, 0.27523757285787914, 1.1186693505619028, -0.3255858630494213, 0.6424072189963316, -0.22996563516826865, 0.32616606316997077]
[cap, 0.33139596357436446, 1.0211667418090096, -0.3005490111674273, 0.5284801988811206, -0.21394897202886834, 0.4170490804144407]
[cap, 0.438055933704286, 1.0282978698297562, -0.4003491191914422, 0.41875927103541694, -0.27614035005962334, 0.524316136665113]
[cap, 0.2954329178837181, 1.0816788321412785, -0.24294359502133542, 0.6746102617482214, -0.17604269279367984, 0.31605599971318976]
[cap, 0.3912947225122586, 0.986473633219, -0.34221448018081857, 0.4373847568081192, -0.2404498514488965, 0.4947029720718458]
[cap, 0.5715461069771745, 0.9765105065340336, -0.4043525182060925, 0.41398828618513933, -0.2785430353892802, 0.5815347936758325]
[cap, 0.5570472238009013, 0.9901173840492418, -0.4109815811393932, 0.3659231400575024, -0.2825059268544067, 0.6032248234324021]
[cap, 0.3527015239026711, 1.0799725221687648, -0.33296246757583714, 0.515687350831046, -0.23463164877825568, 0.4318915139999281]
[cap, 0.4163538679108127, 0.990380402436715, -0.2897389159785938, 0.5190904334616248, -0.2069476456780932, 0.4575610368192735]
[cap, 0.600491005934365, 0.8899070352411431, -0.4023006226594055, 0.28134622080325133, -0.27731245416660943, 0.6718800415874946]
[cap, 0.42526202402823116, 0.9493482611125165, -0.33287470560677956, 0.39507901742282026, -0.23457627735418551, 0.5342110923887713]
[cap, 0.46686866417308776, 0.9631013793093423, -0.38184557020308757, 0.3377764472474855, -0.2649429672159701, 0.5836858710070625]
[cap, 0.3427888872734963, 1.0926883770995153, -0.3437950419187949, 0.6172889597114148, -0.24144000708393767, 0.36972537912737935]
[cap, 0.5612237480339937, 0.9241532335685174, -0.41056736211695327, 0.29025147373639737, -0.28225887471855493, 0.6496163912092636]
[cap, 0.3839725882555082, 1.0686808548155124, -0.383472150232153, 0.48755877645954165, -0.2659333706626737, 0.4611461657046571]
[cap, 0.29551221897675156, 1.0570303616071495, -0.299494411829539, 0.5333394884965934, -0.2132682237369654, 0.398585666654716]
[cap, 0.370517836137508, 0.9130322092853785, -0.26931762674610876, 0.435212743834626, -0.19358017610587758, 0.4880346323450327]
[cap, 2.3054909398501207, 0.48853423784936867, -0.7092862338297912, -0.8209959728937591, -0.44068089269851723, 2.0006722116660094]
[cap, 2.239723900027755, 0.6570681861120018, -0.7692819270995981, -0.5933124998743015, -0.46773076184599405, 1.83088050765425]
[cap, 2.213567756175572, 0.6035916232081182, -0.7446360338904937, -0.653262568691141, -0.4568118517259983, 1.8614616570465712]
[cap, 2.0680105999127685, 0.6435429253866515, -0.7027705448922583, -0.675060204262152, -0.4376471919811223, 1.8196232029541461]
[cap, 2.1080047844992795, 0.7025643032406842, -0.6809801348434086, -0.48821577426539037, -0.4273649357687699, 1.7194547018965334]
[cap, 2.3310523255045528, 0.6618204855339958, -0.7200027859293691, -0.5050790554261289, -0.445629598267091, 1.8096565446527801]
[cap, 2.294679557499901, 0.6548043673801065, -0.7413315163205713, -0.6669465480995133, -0.4553273826275905, 1.8936202631484598]
[cap, 2.2521873884828376, 0.5795057091486402, -0.7560994125340124, -0.6859240278942937, -0.46192397138516156, 1.896739325278744]
[cap, 2.377654934510514, 0.5772680865687613, -0.7784814723801721, -0.6156422305516995, -0.47173746770038477, 1.8984960384325815]
[cap, 2.4746666049880384, 0.3933318409756532, -0.7396074780448887, -0.930576036005222, -0.45455098225229357, 2.133321980425196]
[cap, 2.0522296823991217, 0.6329886814309371, -0.7849244275059073, -0.7373838050472851, -0.47452125840197595, 1.8546140608754889]
[cap, 2.002269993788081, 0.6534668120498272, -0.7497806871442411, -0.648694404035881, -0.4591133236923547, 1.7834134012117735]
[cap, 1.9990186489737116, 0.6300541076225978, -0.7690339111092569, -0.701573840970816, -0.46762222355614985, 1.8108754884738105]
[cap, 1.848928113559165, 0.7578701160897212, -0.6614843152553557, -0.4126137226723013, -0.4179870987928983, 1.5756910335926575]
[cap, 2.089474762427142, 0.5362659488349371, -0.6876631815269413, -0.7452256962500984, -0.43054083854211056, 1.873830351701144]
[cap, 2.002481463369503, 0.5835740923764815, -0.7088099251956229, -0.7004605965425209, -0.44045976101889683, 1.8163965869573007]
[cap, 2.575233607803227, 0.4237095697271087, -0.7859580740388962, -0.9017478132471909, -0.4749661511395058, 2.1486304807657834]
[cap, 2.2654306710194154, 0.539149526831041, -0.7314771741271353, -0.8215421798263193, -0.450871844795736, 1.9844315778152222]
[cap, 2.000432851799474, 0.7046238012410416, -0.739962697601484, -0.47880508456532533, -0.45471105893127245, 1.6720951493206178]
[cap, 2.4912669671296968, 0.4928725005667425, -0.8039133580519171, -0.8823062924083007, -0.4826187619410121, 2.1088714014268817]
[cap, 2.383047408836785, 0.5524315718899597, -0.8051192607873544, -0.862554761908333, -0.4831276029608016, 2.04986017997347]
[cap, 2.1062865941502227, 0.6502770426588969, -0.6667644857291515, -0.4478006374889683, -0.42054358505163936, 1.6980873337396478]
[cap, 2.497901825246825, 0.5040386471527716, -0.8055702258467452, -0.755541319841409, -0.4833177259992759, 2.034013910300075]
[cap, -0.24481899525515124, 0.9093534630941489, 1.7276279602702695, 1.466464922909322, 2.006136688127377, -0.3709980998816909]
[cap, -0.28446954177185074, 0.9733162788932076, 1.9402544380667583, 1.5714566617982588, 2.344442478865275, -0.44829347865055763]
[cap, -0.2841391205508782, 1.230538967899336, 1.6095808623621735, 1.5385047099046016, 1.8269626544075248, -0.4284677159143873]
[cap, -0.2722571734447073, 1.2782286521607418, 1.1254783883466606, 1.5158262320094773, 1.1567665660756759, -0.4103628150432011]
[cap, -0.25434834326799804, 1.0764892285060255, 1.5464257356433797, 1.4830682389824488, 1.7336400843178221, -0.3840838203133405]
[cap, -0.2567405929078389, 1.054837908240429, 1.6380929130636526, 1.4631706738009471, 1.869673174667047, -0.37365109525687473]
[cap, -0.23025402783468368, 0.9967685933491118, 1.6915172206712705, 1.4788262036386655, 1.9506716202136822, -0.37178682823647535]
[cap, -0.27306340122388023, 1.2341943348943878, 1.4723741067915705, 1.4870802729880879, 1.626467130529012, -0.39419388377012177]
[cap, -0.31786851878775063, 1.0928424173988651, 1.9230346253432176, 1.596336842751215, 2.3162988752444953, -0.47607822751227924]
[cap, -0.26089068344325345, 1.2038078162797659, 1.428328098777745, 1.4914598379660287, 1.5638729780883531, -0.39121822679525353]
[cap, -0.16301991779120023, 1.1436550549836295, 1.0967714928130894, 1.3435620274773055, 1.1202859988282152, -0.2655594593625643]
[cap, -0.2705521999444892, 1.162217771757634, 1.7512513739454876, 1.5223581835242892, 2.0427342192612072, -0.4131950668626539]
[cap, -0.24310080490609423, 0.989446343974008, 1.6660743891382146, 1.4862599295033982, 1.911939130459032, -0.3815383788047182]
[cap, -0.3111147090310728, 1.2118372121373506, 1.7710696441639993, 1.5830887721284286, 2.0736275443074828, -0.4655737998781058]
[cap, -0.276116493305666, 1.1969185754344973, 1.3144946840387244, 1.4889492341072266, 1.4060851133710763, -0.39681102785645167]
[cap, -0.19507077622553232, 1.0677327357038868, 1.369041685218879, 1.4065789539518745, 1.4809778432252312, -0.31564370989137086]
[cap, -0.2784294418524735, 1.2922820799753882, 1.3261955024514154, 1.5303763290091768, 1.4220391992381933, -0.42151256587674346]
[cap, -0.24561200618548523, 1.1213536198589502, 1.4637590978386192, 1.4572948847679155, 1.6141566420640492, -0.3651901910873698]
[cap, -0.26252957269927707, 1.0853350847610144, 1.6600828089661657, 1.4713150331252398, 1.9028596715981507, -0.38060624529451853]
[cap, -0.2736845931193085, 1.0319595186816832, 1.6813049302515326, 1.4632034645627916, 1.9350906421602991, -0.38082135302764153]
[cap, -0.29784499279681736, 1.0080593950226582, 1.7192263420307718, 1.5280438566203038, 1.993180463618256, -0.4282884594701181]
[cap, -0.3323145345686681, 1.2384402313458136, 1.4354921020891314, 1.5911407333285081, 1.5739952638267247, -0.4794123973756859]
[cap, -0.3022858540066877, 1.1451022777581503, 1.7997685423524454, 1.5643894458250998, 2.118672752951136, -0.45108987918115667]
[cap, 0.025042624337505415, 0.29395685024429247, 1.2412787298002272, 0.9348279345241105, 1.3076324942875106, 0.05032624672856977]
[cap, -0.10542089055127479, 0.6018299287011735, 1.4573437340346889, 1.168275918398667, 1.6050107181842828, -0.13943462517477528]
[cap, -0.05474749210293278, 0.5223116462385926, 1.2719247920369816, 1.049853105661436, 1.3485528488437575, -0.04994980819560479]
[cap, -0.05448315512615475, 0.4651142233812468, 1.3529983674293902, 1.0466046954615371, 1.4588135970957208, -0.04722511024271344]
[cap, -0.03193521100699166, 0.534454223365499, 1.1471973636375508, 0.9887361677350143, 1.1846095677131683, -0.004490373928942951]
[cap, -0.07236555160518633, 0.6858290727031787, 1.3053015279909743, 1.1694952294914818, 1.393592785857499, -0.12556017638834124]
[cap, -0.06306089002260085, 0.5596523100935671, 1.2323432029523278, 1.0481820457357778, 1.2957796335048641, -0.05206503423798105]
[cap, -0.06011353273152616, 0.5146501138314119, 1.4183605236213728, 1.0928123986737124, 1.5498272544325258, -0.07655146452514984]
[cap, -0.008951110876144905, 0.4994180687119309, 1.2943437694541085, 1.06097417347859, 1.37875150952503, -0.03621876456458612]
[cap, -0.057641981998651885, 0.5741537802511881, 1.3170414385097449, 1.090920893744447, 1.4095524523145224, -0.07457964363818896]
[cap, 0.002983703625381665, 0.3345466047015821, 1.35443832260411, 1.0212907849751833, 1.4607982724257302, -0.008434015702864589]
[cap, -0.07868320535018043, 0.5478981770797023, 1.3972859742478465, 1.1282527875510286, 1.5202751729987296, -0.10455132111999438]
[cap, -0.13819867567174635, 0.6348345618413324, 1.6975002886469717, 1.2593620816748754, 1.959821505861714, -0.2056878069766611]
[cap, -0.11222756770330822, 0.5485375685782925, 1.623381340951004, 1.1882929461525673, 1.8475905325961646, -0.15352418169433207]
[cap, -0.03702369780996818, 0.44441406606043526, 1.332236340630892, 1.0657161498255936, 1.4302996373361607, -0.05120460330548902]
[cap, -0.06525488692985816, 0.48124774484443844, 1.4676612640653761, 1.1080585835733907, 1.6197286004004905, -0.08755781020327691]
[cap, 0.017046430789970948, 0.3341106747749858, 1.3781470297012828, 0.9999836055872326, 1.4936078381631632, 0.009276520990929528]
[cap, -0.09340677495671487, 0.57197312064485, 1.4901332753667065, 1.1568003897006869, 1.651948013927834, -0.1276395511418638]
[cap, -0.029556178215989676, 0.341961297147382, 1.5351150878648723, 1.0670938407370125, 1.717113260641988, -0.04880256695228212]
[cap, -0.12311825114656162, 0.5436054752769583, 1.571106590389995, 1.1738821021027894, 1.7698999125223214, -0.14979564765353331]
[cap, -0.4311369133371221, 1.051832129637541, 2.716088517325118, 1.8860894730493591, 3.7487624080405726, -0.6911142580575773]
[cap, -0.4310047448487332, 1.001032748914908, 2.717909399847396, 1.8752163832709816, 3.7523720713366298, -0.6848044312193027]
[cap, -0.4401508042452519, 1.0595695880673097, 2.7648762663752384, 1.900196835383996, 3.845985459676449, -0.703088588534758]
[cap, -0.43904058894278425, 1.1506157556191374, 2.6042349170253973, 1.894496881357414, 3.529844198281392, -0.6993600544939592]
[cap, -0.42407911605714965, 1.1168511708557047, 2.5117151146590424, 1.8534398268853283, 3.3529550846398415, -0.6693883770121538]
[cap, -0.43011921597652686, 1.1036509212724614, 2.58219638312742, 1.8631788006224683, 3.4873644647013293, -0.677598322159682]
[cap, -0.452006317653745, 1.014233056159655, 2.9374897275249707, 1.9428176756343984, 4.198432500638569, -0.7325941992614637]
[cap, -0.43235286343030094, 0.9971245952635704, 2.7739478460737548, 1.889883519874024, 3.864179373554291, -0.6937672534327612]
[cap, -0.440917381477908, 1.0486621249224632, 2.793168942897601, 1.9063127991271152, 3.9028495917783204, -0.7068888251532646]
[cap, -0.4285728446623756, 1.0770229954558426, 2.6799979902594084, 1.8787307340106834, 3.67752076143178, -0.6857365647295023]
[cap, -0.4268282206156408, 0.8975298665567056, 2.8060074719496364, 1.8761527155882018, 3.9287701477780925, -0.6835137848205646]
[cap, -0.42417163399902197, 0.9825452233261098, 2.718838464211249, 1.8605225475368772, 3.7542143869123614, -0.6734395726526371]
[cap, -0.42627311296440695, 1.0270322836044756, 2.709745986609443, 1.8667757323954517, 3.7362006353314943, -0.6779209837593664]
[cap, -0.43906702264046205, 0.9498650258611985, 2.8813295847497136, 1.9088073290324314, 4.082314163753294, -0.7075341483526335]
[cap, -0.4358817620702871, 1.1302953555168818, 2.6414060885943424, 1.891084980771784, 3.6019800233901704, -0.6960258846305527]
[cap, -0.43162593674416144, 0.9784651001229878, 2.7517904775862485, 1.876530563219376, 3.8198049074043765, -0.6859158211737714]
[cap, -0.426405281452796, 1.0165279500501436, 2.6950150216430893, 1.8700563343920156, 3.7070938296168894, -0.6798569533574734]
[cap, -0.42225519091738145, 0.9118793362754033, 2.7427661589259884, 1.858554883668659, 3.801794287261789, -0.6714677517656763]
[cap, -0.4222419740685426, 0.9270021681470929, 2.7403577447980547, 1.858420146193305, 3.796993705482396, -0.6713601978991147]
[cap, -0.45312974980505144, 1.1018416440447647, 2.8449272807906123, 1.9368392195805908, 4.007794229534546, -0.7296902448643031]
[cap, -0.44370613658291586, 1.0762007438778742, 2.7767497092087137, 1.9055422497864842, 3.869806146543148, -0.7077134047969027]
[cap, -0.42937907244154844, 1.0278267307311586, 2.69187560125641, 1.8683298701872324, 3.7009031016508374, -0.680179614957158]
[cap, 0.36631487820673797, 0.5032221313578078, 0.21589992336991315, 0.42474358894457154, 0.178393085035048, 0.4906876277202167]
[cap, 0.2822425027424961, 0.6354545071169573, 0.08420272688775596, 0.463692214985962, 0.06711749331345829, 0.43293120137668933]
[cap, 0.3417315393663844, 0.5051070693509246, 0.3558261462144856, 0.5152454720149359, 0.3050423265618352, 0.4277327644928832]
[cap, 0.39796923117590294, 0.49705457136915276, 0.08651646430254326, 0.35161203816793024, 0.0690061271417464, 0.5462929767325134]
[cap, 0.3721699422423705, 0.5734588138727718, 0.001948061510440349, 0.3678524213592077, 0.001516661281617351, 0.5260728498189507]
[cap, 0.3131831458743607, 0.6383230598746045, 0.09939835118996675, 0.5105361031257768, 0.07956459037112772, 0.41920015774567104]
[cap, 0.23417282351541746, 0.6969959113894366, 0.28932210616476395, 0.6233916326237361, 0.24376674135737, 0.3202506005090881]
[cap, 0.3140951084442447, 0.6045074020214638, 0.4132537087058054, 0.59891175146008, 0.3595318339819111, 0.36782526081812633]
[cap, 0.15799090680799877, 0.7825894416640008, 0.3149958459865488, 0.7278235662633107, 0.26718979992907727, 0.22768257268848777]
[cap, 0.38508280355797564, 0.5317424272813864, 0.08660397929756852, 0.35440531615624465, 0.06907760954221266, 0.5394453805614309]
[cap, 0.39368697215209947, 0.5146513599370625, 0.12014312579376522, 0.4164972699980344, 0.0967223135747019, 0.5073584770372495]
[cap, 0.27410092385773377, 0.6725514095891163, 0.28853383380439906, 0.5720164257396783, 0.24305219412936782, 0.36646291184168067]
[cap, 0.4344741676689444, 0.4646714184619, 0.13992659048670897, 0.39442228179332595, 0.11326258988364331, 0.5372584519413471]
[cap, 0.3942288629544943, 0.44956776934936504, 0.287507201337751, 0.4355687382728518, 0.24212199282498684, 0.496638941669953]
[cap, 0.2407283805395117, 0.700119563353624, 0.38619984538096297, 0.6087296414413967, 0.3336800183626513, 0.3314362026314845]
[cap, 0.3670153711951995, 0.5320915028300169, 0.20754990575429386, 0.428637207276003, 0.1711096717723429, 0.48900261714408627]
[cap, 0.3880698113955669, 0.5168112791319786, 0.10552518154780167, 0.39910272350422427, 0.08461216635637467, 0.5146362886745778]
[cap, 0.33870488098227614, 0.5538036987493427, 0.25438773150993615, 0.5218365790864858, 0.21236397668131549, 0.4228928404976157]
[cap, 0.28998757616209137, 0.6002417965466383, 0.27253780764653107, 0.5349166954839059, 0.22861171936850216, 0.39507224034704025]
[cap, 0.2967017353722524, 0.5994419203267484, 0.3531606051576567, 0.5797763423614533, 0.3025486460770394, 0.371553794858925]
[cap, 0.18807245476533485, 0.7100657448020096, 0.34836620772695487, 0.7121731689375632, 0.29807129116388453, 0.2496952640447424]
[cap, 0.4605377935792549, 0.46276710699050766, 0.08632268798522384, 0.3629699282973883, 0.06884786238440385, 0.5662262933352451]
[cap, 0.3757517082777125, 0.5061656073809985, 0.2636678891970102, 0.4864478122297247, 0.22065323173546533, 0.45935360126196545]
[cap, 0.18479467625328772, 0.7323836531582122, 0.2652995301959322, 0.6709048398253119, 0.222114596419261, 0.2722098734449504]
[cap, 0.4297954031799737, 0.4547784873947942, 0.1844384318897072, 0.3926839944806073, 0.1511114797997957, 0.5358244003871938]
[cap, -0.3091321817052378, 1.1367556423061296, 0.9861603053213694, 1.453573150079971, 0.983136079246076, -0.39107482163983814]
[cap, -0.2815354013296149, 1.0938555383839936, 0.87308964361912, 1.3759569133545968, 0.8485401002210547, -0.33464489298390293]
[cap, -0.26464426851350104, 0.9811122575066278, 1.164895950950026, 1.3394809330446174, 1.2074531299762725, -0.3063940773670815]
[cap, -0.28334610962054424, 1.0522339818024513, 1.05366845818479, 1.3828372173381007, 1.0661966557497529, -0.3393414118237552]
[cap, -0.2638776912808448, 1.0840067362839396, 0.9608263725622287, 1.3497048375110343, 0.9524868615607015, -0.31184347327286444]
[cap, -0.28087455888767, 1.0484285517847707, 1.138519503811918, 1.3904998679527032, 1.1734597679270495, -0.3426038791094542]
[cap, -0.28066308930624756, 1.0226021626378539, 1.1697382183289435, 1.3823535284288728, 1.213727225647592, -0.3378715089807481]
[cap, -0.26008445566408056, 1.0158586335284256, 0.9701132818369388, 1.310491264902231, 0.9636892296026054, -0.2879306636073568]
[cap, -0.3104803002868056, 1.0713220376614283, 1.3463757598383328, 1.4763543388855602, 1.4496975554404536, -0.40455490624887985]
[cap, -0.32959186370785476, 1.1159599590751468, 1.345920813566101, 1.5258321751123856, 1.4490720337476228, -0.44119492345749856]
[cap, -0.33461426626663665, 1.1244860855725771, 1.2926239032188456, 1.5275508540607061, 1.3764269395807285, -0.44442153945434354]
[cap, -0.294197142517281, 1.045044486863738, 1.1780040445144735, 1.4139628159653934, 1.2244612103373589, -0.361891872512817]
[cap, -0.27379032791001967, 1.086081193422971, 1.0443565206735252, 1.3910090141729436, 1.0546193840641451, -0.3398074785788551]
[cap, -0.2546919813378094, 1.0896304923584792, 0.7321728555192183, 1.2982339278672879, 0.688726574699457, -0.27860932850536013]
[cap, -0.237325041963495, 1.0419868893663349, 0.8315584517604797, 1.262812539353076, 0.8005251487972657, -0.25078872835478466]
[cap, -0.28991488349347744, 1.0496241345992892, 1.1459726051905104, 1.4034644692680678, 1.1830339071412912, -0.3540045889649735]
[cap, -0.2969462470757722, 1.093791795166052, 1.0557263203754244, 1.419188394733119, 1.0687603221100404, -0.3660506220198618]
[cap, -0.2801872827480472, 1.0677885969841596, 0.9306070971881938, 1.3558133503338583, 0.9162992527549889, -0.32259885992901466]
[cap, -0.34680020089610236, 1.1134238026490701, 1.6117207690693884, 1.5877381463932496, 1.8301556915872448, -0.48400136234897656]
[cap, -0.27731922655000596, 1.0752677497504755, 0.9397856394778468, 1.3782474504356506, 0.9272477779778209, -0.33403542107338774]
[cap, -0.2959946339593714, 1.0918220765214186, 0.9856249294268608, 1.3999833610958428, 0.9824854352436676, -0.3547933173197579]
[cap, -0.2934173484357859, 1.1101396799979184, 0.9806166158282024, 1.4055289951001377, 0.976404967375764, -0.35676513820671873]
[cap, -0.3158859914619156, 1.1140761495301972, 1.2957399794148923, 1.4956155887612268, 1.3806395897999937, -0.41792743699136004]
[cap, -0.29023208786561105, 1.0749761408008005, 1.0137387261920914, 1.391334371025877, 1.0168239989387613, -0.34726454666045264]
[cap, -0.27730600970116703, 1.041285351997067, 1.0798485603049444, 1.3709598294759553, 1.0989515098214386, -0.3299125228551969]
[cap, -0.30265592577417694, 1.057503580565928, 1.2400814976168644, 1.4407696987971657, 1.306042328687544, -0.38089305560534925]
[cap, -0.26868862425820433, 1.01546753718397, 1.1235556015963668, 1.3573519653750201, 1.154311689035229, -0.3182967052665545]
[cap, 1.8730752963878352, -0.26689652512826484, 0.6588459580472268, -0.15966331636698275, 0.60904722097734, 1.430170652134944]
[cap, 1.8461525753029961, -0.21485952281778084, 0.6164552245739985, -0.04702990820060832, 0.5640708943208632, 1.3529828272326392]
[cap, 1.746286065476269, -0.26320546758318414, 0.6639019973676309, -0.1465189322966495, 0.6144647990847074, 1.3811619402717528]
[cap, 1.7513877691280841, -0.25007069147654315, 0.5242632466792212, -0.3136972814052249, 0.4690046505704377, 1.4884289965224244]
[cap, 1.6608391377327811, -0.1588595694612266, 0.6490334430704361, -0.11228960660671827, 0.5985653733900054, 1.3264170221919476]
[cap, 1.755233872140204, -0.2746839877321221, 0.5846817717919023, -0.22062344366030218, 0.5308815234181402, 1.4265138206718533]
[cap, 1.9837664054136208, -0.39972774738566147, 0.546981572568615, -0.2743356737777253, 0.4920815806162903, 1.5460061664216826]
[cap, 1.4787638281280975, -0.061213309081586016, 0.6640630697189334, -0.06966369399903842, 0.6146375753068064, 1.2354264510809163]
[cap, 1.690616698166823, -0.160406650522843, 0.6376175005472219, -0.12208269581514919, 0.5864244170671953, 1.3419406302656582]
[cap, 1.8743705475740473, -0.4296831593693008, 0.5220666632566059, -0.2951107053916622, 0.4667855196610321, 1.521734843867637]
[cap, 1.9895950357515755, -0.3584386093359249, 0.5096132303747685, -0.31111059012184666, 0.45424467577327005, 1.5742928333273578]
[cap, 1.708684130529599, -0.2114072478592412, 0.5528552448195608, -0.27983024858219296, 0.498085175375485, 1.4498171584268456]
[cap, 1.6351720172876383, -0.19869461719155682, 0.6727095225730875, -0.1365598435031011, 0.623929170605793, 1.3333004696518838]
[cap, 1.7926904217496462, -0.417903710607568, 0.5467741124178657, -0.2231974154533729, 0.4918698110681796, 1.448096296561861]
[cap, 1.9993358533458452, -0.26485888203837393, 0.4346529864933889, -0.4114873097879904, 0.38021002759304046, 1.6397931380633135]
[cap, 2.0742886031112455, -0.24461590966385469, 0.5019546219607997, -0.3211313467696182, 0.44656643738386076, 1.6042645108091635]
[cap, 1.5605893392897263, -0.40455557452516266, 0.6610318554263135, -0.14739798856855796, 0.6113880338497023, 1.315769189402359]
[cap, 2.0488858196428805, -0.46198109968773626, 0.4619648584222724, -0.39736515791873206, 0.4068963345032882, 1.6495805399204102]
[cap, 1.8111543595775892, -0.17363135443884561, 0.6370480226054779, -0.16245043121013633, 0.5858202844173392, 1.4116355357975117]
[cap, 2.005005881497733, -0.3070714947064463, 0.613221906845223, -0.1253537869159125, 0.5606730456295823, 1.4574893342415658]
[cap, 1.8107578541124223, -0.22200619119992357, 0.5473334595211209, -0.2555364622854356, 0.49244082063192496, 1.4700731366292619]
[cap, 1.7820244247366543, -0.3051126678091686, 0.5716394092905492, -0.2527117894855917, 0.5173874542697173, 1.4608235041049726]
[cap, 2.3797960640224156, -0.4651388692634526, 0.40984701823937186, -0.4563176884385707, 0.3562586603035373, 1.8008371275947368]
[cap, 1.7019699713194378, -0.29051243422498624, 0.5858929142525899, -0.21088129824762983, 0.532138437043702, 1.404429426737891]
[cap, 1.8128196825312908, -0.16378915797677898, 0.5707988366268446, -0.1818464082341723, 0.516520354825943, 1.4232513533861544]
[cap, 2.162841490331874, -0.4218952116788495, 0.4142318785568096, -0.46640579897897744, 0.36047261716611445, 1.7316082888179831]
[cap, 1.6227481793790723, -0.1685391163481611, 0.6463374325261715, 0.0012766539408161012, 0.595692933698236, 1.2429552217402215]
[cap, 1.9513719089094776, -0.3867865578652221, 0.4772879701440033, -0.38677696282999957, 0.4220132192427968, 1.6049098340085326]
[cap, 1.7383163056264122, -0.22623089816318007, 0.6438045988234904, -0.1727457620160617, 0.5929972834901648, 1.3927419065715414]
[cap, 1.7430743712084162, -0.23819811314799363, 0.6454871092200939, -0.11335321850828337, 0.594787632638437, 1.3599738285591365]
[cap, 2.0926732398461554, -0.4353674833679758, 0.4223996384379392, -0.44945502010699057, 0.3683447472622681, 1.6963664718746638]
[cap, 2.0015298502531023, -0.2810687659457139, 0.4963316627699547, -0.3650017218441704, 0.4409456118749058, 1.6084591116050624]
[cap, 1.9218322517545368, -0.3932979169759293, 0.5477339424434107, -0.3262455430568545, 0.492849738840059, 1.5558294195676334]
[cap, 1.5256175572619972, -0.030659369518742808, 0.6667901019138197, -0.0038299618224497626, 0.6175645045993275, 1.2100795898612555]
[cap, 2.1390379455730164, -0.4107355554092732, 0.4972332509699472, -0.4060793177238247, 0.44184591486312225, 1.6858261929516367]
[cap, 1.644463462021385, -0.29312416334827884, 0.5922387554745432, -0.03010289404665144, 0.5387347232779452, 1.272891047933173]
[cap, 1.9775544864593377, -0.4387137894535306, 0.5377890078960302, -0.35441962793868287, 0.4827163659435403, 1.5945488115297741]
[cap, 1.6981238683073183, -0.1821011129070899, 0.6355063249171885, -0.19603557268918462, 0.5841854901897888, 1.3947137274585022]
[cap, 1.5159031733654058, -0.037887023710572176, 0.7821762457715739, -0.022759090669446855, 0.7444281675808476, 1.2172139963431683]
[cap, 1.6907753003528898, -0.06797371650751968, 0.5661443189552477, -0.22052633359061527, 0.511724616638134, 1.4021707955400995]
[cap, 1.7106930915531118, -0.37906055204896766, 0.604517908314863, -0.10520888913225099, 0.551549154459447, 1.3430520202201266]
[cap, 1.997102205892071, -0.4066562004220323, 0.5209009832585337, -0.2756386814764693, 0.4656087425341245, 1.5543595167246265]
[cap, 2.09106078428781, -0.40034213379225486, 0.5675645411389351, -0.24380387348096705, 0.5131869114202477, 1.5632147850715232]
[cap, 1.633876766101426, -0.14419916143337982, 0.6621676926653459, -0.055459129426367076, 0.612605204277598, 1.2848295271214996]
[cap, 2.26465087693792, -0.46745209767021145, 0.44642102899490316, -0.4629862466131781, 0.39166800210065145, 1.7659179722511025]
[cap, 1.9343882581514913, -0.4174627235368759, 0.4531191374042571, -0.38377842618713187, 0.39821703032902084, 1.60021331516868]
[cap, 1.7300029077067447, -0.2417613221854568, 0.6658192135510779, -0.12876479163551852, 0.6165220703584976, 1.3604398953142367]
[tulis, 0.4385581739601644, 0.016724433888141127, 1.2013202427767622, 0.5983834432594067, 1.2549027232295544, 0.4185548345463019]
[tulis, 0.2900933109528027, 0.11853065149936669, 1.489379532563137, 0.7610356497672256, 1.6508637027343727, 0.2639999282974222]
[tulis, 0.31964618495658276, 0.14117185979304842, 1.4023308844226956, 0.7096456404398136, 1.5273315521585806, 0.30580253110099304]
[tulis, 0.9545836031773304, -0.04258740721661862, 1.0231604706741846, 0.3275230068269925, 1.0284101950625528, 0.780473595525759]
[tulis, 1.3245232021781366, -0.011196748857485008, 0.7253815075274086, 0.08617237060475841, 0.681246765866716, 1.0659215573799876]
[tulis, 0.5902347312353788, 0.07552996866335289, 1.036275990320314, 0.4517880342753588, 1.0446042237673074, 0.563895959559746]
[tulis, 0.6328326350431529, 0.03475104502325684, 0.999206001553922, 0.36664217658545345, 0.9990298084908735, 0.6334116086473306]
[tulis, 0.7463389328716247, -0.018870400329891155, 1.0919029145263919, 0.41227536633865675, 1.1141352522164913, 0.64911447316531]
[tulis, 0.7859101782952906, 0.04067792137727863, 0.9710959485105031, 0.40029722194812034, 0.9648768106743312, 0.6693346000788727]
[tulis, 0.6708178586061511, -0.16035889305826656, 1.0127253195913908, 0.3469643038284641, 1.0155801259996469, 0.6583641056895995]
[tulis, 0.4021854059555121, -0.0201214000770189, 1.256658068223395, 0.5911993826047646, 1.3281158371285788, 0.40894668913347454]
[tulis, 0.4952320217813668, -0.010002625295610223, 1.2994642385448225, 0.6189700768304242, 1.3856800918886931, 0.427876169648299]
[tulis, 1.1134897767674228, -0.1162825536771703, 0.722030078344484, 0.06601477759920756, 0.6775631227435674, 1.0001344423332017]
[tulis, 0.6135096020406815, -0.016715222719079218, 1.097465354749715, 0.46043993526446364, 1.1211634484318154, 0.567588642311691]
[tulis, 0.5609594110572157, -0.09071111222595808, 1.044906506775765, 0.39141825196850494, 1.0553020987576816, 0.590318359445022]
[tulis, 0.5095062185273788, 0.0008721641764994676, 1.0745401952853504, 0.48396553529312886, 1.0922854790867, 0.5131305345427168]
[tulis, 0.969782979342065, 0.004094301113012955, 0.8662986172727446, 0.23811931453763896, 0.8406366042487611, 0.8400584376008318]
[tulis, 0.49048717304820194, -0.05554336119367917, 1.17932065491186, 0.49675983609193963, 1.226173753060271, 0.49982970637794427]
[tulis, 0.4063090627932487, -0.1250788028052546, 1.2095600410339267, 0.5300898248587862, 1.2657181703712872, 0.44644713727458474]
[tulis, 0.5135505742720821, -0.05792965387849335, 1.0500377921617816, 0.41493764599501903, 1.0616781801922885, 0.5566539992112715]
[tulis, 0.5256307741108364, 0.24213140310979872, 0.40954569737743207, 0.27520536747516716, 0.35596939650839404, 0.6429122001935969]
[tulis, 0.5480201160439326, 0.2313215210315866, 0.5675198250833076, 0.32147758130259746, 0.5131408570710208, 0.6233373964794032]
[tulis, 0.45016256724071835, 0.1451728091211863, 0.7426159082887318, 0.3878343931269179, 0.7002681486323312, 0.5436758326461834]
[tulis, 0.7585380843499293, 0.20045948735301544, 0.6180484159746451, 0.2504375712366778, 0.5657468606860554, 0.7482432868461621]
[tulis, 0.3735973619169718, 0.20058217548288546, 0.7285870596993034, 0.4100988451194881, 0.6847747285541452, 0.5008335424658513]
[tulis, 0.4712698748364415, 0.37510738660444476, 0.7148930695141923, 0.41811158907442364, 0.6697352350750043, 0.5338884307890869]
[tulis, 0.648785371591705, 0.4498669004358701, 0.5510257994728872, 0.2913926436253239, 0.4962136244602435, 0.6803409457569999]
[tulis, 0.7149621337280765, 0.1573194183267869, 0.36132751168923477, 0.13144343323918517, 0.3101989461152514, 0.8014107482163982]
[tulis, 0.7606792138618307, 0.36137012649173317, 0.5871293423515217, 0.24409219247003486, 0.5334222623721459, 0.7526888466640376]
[tulis, 0.6925727917949802, 0.1190219411135743, 0.3143327590820101, 0.08492313009970538, 0.26658116804929666, 0.8217025777076686]
[tulis, 0.873603970341391, 0.5246634174239575, 0.4537901572207568, 0.17015889452848684, 0.39887421076631957, 0.8413132327107156]
[tulis, 1.4439902988329523, 0.20846497465567038, 0.13906382840917303, -0.2042694664645118, 0.11253764743914903, 1.2842200552109844]
[tulis, 0.3218005313173232, 0.2210965625989391, 0.8627981556160377, 0.5279897935584656, 0.8365706971536978, 0.4121016025526114]
[tulis, 0.7810595947714144, 0.17264276089108976, 0.5698786586453098, 0.20237371056060538, 0.5155714968435418, 0.7843813860108272]
[tulis, 0.7056046047501354, 0.19211740786888867, 0.2725059894836009, 0.028105773871235827, 0.22858310838564927, 0.8602068619366866]
[tulis, 0.651151187533868, 0.15646903763237766, 0.3479109424547004, 0.17237216148690926, 0.2976466610526815, 0.7533700211522604]
[tulis, 0.6232768533326283, 0.20610358081127594, 0.3635568133692852, 0.11949413186197189, 0.3122923657084347, 0.774629835442584]
[tulis, 0.4362980928087124, 0.2703439302118177, 0.6118628185833264, 0.3817755528478949, 0.5592461814785408, 0.5438550890904525]
[tulis, 0.689942638876039, 0.1741130726566503, 0.2879482448918228, 0.04041457879646772, 0.2425215521199444, 0.8476230595489909]
[tulis, 0.6822504328517994, 0.11441922119649796, 0.3796789585034907, 0.0987968874944832, 0.32749737163146286, 0.8096923959416339]
[tulis, 0.9007381610076525, 0.6536902744602296, 0.04540373922802224, 0.19130897335320818, 0.03580046181763066, 0.8432133510199689]
[tulis, 0.6323964790314694, 0.8358673204792243, 0.08756871722625703, 0.3227067879714355, 0.06986583407397792, 0.6594754956440683]
[tulis, 0.8487430776754206, 0.841903201100468, -0.110713158087593, 0.07250520843467916, -0.08346920264806582, 0.8934051554153372]
[tulis, 0.6740824202693593, 0.8566025489258159, 0.0360222089497713, 0.21575612571693548, 0.02832819997642912, 0.7397823826766571]
[tulis, 0.7757332046893378, 0.9469992415537166, -0.2996196841310212, 0.06235592934981615, -0.21334911332560727, 0.8688828738393143]
[tulis, 0.7645385337227897, 0.8033090478766381, 0.11107434968524625, 0.14761719110667956, 0.08919819151103794, 0.8165758434015704]
[tulis, 0.775455650863721, 0.7270170199967396, 0.13202686026778201, 0.24177027555158145, 0.10663709727489092, 0.7627989101208188]
[tulis, 0.6667074186172532, 0.9716294213257727, -0.1052917345156746, 0.20029538090471505, -0.07950836769790495, 0.7440845373391173]
[tulis, 0.5750617887683217, 0.9204561294343402, 0.01481072212942658, 0.24065729239602923, 0.011577309501023998, 0.6851450184634137]
[tulis, 0.7729973169796854, 0.7411406562689684, 0.18901075509861828, 0.32803073386120013, 0.1550490976936798, 0.7121768902592047]
[tulis, 0.722812941938383, 0.8404687874247816, 0.04469870867097022, 0.1662372745749034, 0.0352375592354152, 0.7893647151615099]
[tulis, 0.6490100580219662, 0.8463830059528917, 0.08697581357973412, 0.26456152929576265, 0.06938136227377904, 0.7005252213817087]
[tulis, 0.751837141988607, 0.7747322132350433, 0.0907972925000106, 0.17271551672714444, 0.07250669215796901, 0.794957516222708]
[tulis, 0.7839540846671337, 0.8168915144131818, -0.0537281626831253, 0.10107291206230992, -0.04118556211471007, 0.850168501057613]
[tulis, 0.792201398342607, 0.8020603357002164, -0.03652274415759603, 0.10770494368793983, -0.028136099272154876, 0.8503119062130282]
[tulis, 0.5812737077226047, 0.9558938014917561, 0.018708555154699654, 0.3350319165050381, 0.01464050946125708, 0.6320851109597391]
[tulis, 0.7419112885105932, 0.8168531785271954, 0.03223069199358709, 0.23743751892791298, 0.02531937375695022, 0.7549833291506829]
[tulis, 0.7674198067696697, 0.828681239965473, -0.06966199865357492, 0.22967098270820283, -0.053153603827089904, 0.7664557415839097]
[tulis, 0.9379964578845111, 0.6426724796350026, 0.007779435267144969, 0.08440690343978743, 0.006068639688519086, 0.9209030939662279]
[tulis, 0.6926785265856913, 0.8503824079848465, -0.012895872838729042, 0.16250371290640625, -0.010002538798299014, 0.778752733660775]
[tulis, 0.6844708634567346, 0.9231211703065358, -0.003299607438198658, 0.20337640615434288, -0.0025667953848180305, 0.7493188255117768]
[tulis, 0.8567128375252772, 0.729053577751774, 0.023679756848698687, 0.06494070807541351, 0.018557008652162654, 0.9013282902520343]
[tulis, 0.9283349413832753, 0.6726448410009558, 0.01505530398177731, 0.062162745007125576, 0.011769321701133309, 0.9304036855124942]
[tulis, 0.2528878814712995, 1.1257278885010658, 0.12350767479209675, 0.6934252335118035, 0.09952305845600849, 0.2884863585845909]
[tulis, 0.2555576849367573, 1.1926857256334151, 0.09412962588749113, 0.7707302381191485, 0.07523726450045368, 0.24360054493959032]
[tulis, 0.30418247181506985, 1.160140546351791, -0.08329194305432308, 0.6451940413276106, -0.06330189691669154, 0.33771017818090554]
[tulis, 0.46222955023063383, 1.0281316202111248, 0.00936034205304309, 0.5181990144967719, 0.007305293906088096, 0.477601907288567]
[tulis, 0.3169235140957692, 1.134066991491906, -0.08966696317804623, 0.5751083098149359, -0.06802021809746714, 0.38395834080235175]
[tulis, 0.5041269610499464, 1.002866552102762, 0.05612506323225517, 0.47721735476668553, 0.04438760258177841, 0.5185440791596456]
[tulis, 0.4357958525528342, 1.040531765296312, -0.027833224548259587, 0.4647642619695756, -0.021495673596986415, 0.49782203420212945]
[tulis, 0.5223001282034336, 0.9670428235910821, -0.002945225860276713, 0.42596213971305286, -0.0022914186977750282, 0.5562954863227331]
[tulis, 0.4169618429574022, 1.1185638158933835, -0.11784339784002656, 0.5078363863384588, -0.08865865241926389, 0.46394256623525587]
[tulis, 0.3975198583153805, 1.0493666972964795, 0.05687655171150195, 0.5942666060959683, 0.0449914101799735, 0.406616355357975]
[tulis, 0.36016904349664935, 1.1365374337194196, -0.12357886988931487, 0.5631983829112261, -0.09281662959278135, 0.40812210948983596]
[tulis, 0.4392983174951429, 1.0370226255643904, 0.0009817419534258653, 0.46916964441216075, 0.0007638062325917049, 0.49649553651453776]
[tulis, 0.292141922522832, 1.1150782167899453, 0.05737503034924704, 0.6489601472011661, 0.045392066926579544, 0.3309342845875308]
[tulis, 0.4470037403682215, 1.0665337095409406, -0.025834531343169587, 0.5313151436756229, -0.019963563511045192, 0.4634047969024485]
[tulis, 0.20143468894146252, 1.219303553104416, -0.11964478803623019, 0.6934657010967588, -0.08996615502564315, 0.2662944107840675]
[tulis, 0.36545578303220955, 1.0988573161295148, -0.029439450849927967, 0.5627919385653389, -0.022725652991334114, 0.4109185100204352]
[tulis, 0.26536458677522096, 1.1089605479291764, 0.1997026674659706, 0.7511993958233062, 0.16429297476513416, 0.25994873265693885]
[tulis, 0.34450707762255334, 1.1061213940326775, -0.08061415515331945, 0.5293763282423976, -0.06131462439172622, 0.4222833685871005]
[tulis, 0.15125031390015992, 1.223808759966506, 0.011982891075518878, 0.7905765414337271, 0.009359208458267872, 0.1889631807263469]
[tulis, 0.3363390650401132, 1.0993358020602209, 0.014162102293404895, 0.5694425058397099, 0.011068230324571951, 0.3949646864804787]
[tulis, 0.2328114880850108, 1.1793105462244369, 0.08414527584081462, 0.7647103501980813, 0.06707062794424501, 0.23804359516724605]
[tulis, 0.41450350907336647, 0.9976657907016712, 0.13133531459695236, 0.6167919451178115, 0.10605841520460776, 0.4004140823862614]
[tulis, 0.3439519699713194, 1.1293415030364076, -0.07040152483316113, 0.5621921872438057, -0.053706336476142515, 0.40270856487290696]
[tulis, 0.7753102655264931, 0.9996557503616974, -0.3897559141932608, 0.1226229485949256, -0.2697484601719484, 0.834322231384218]
[tulis, 1.075887841820753, 0.8575865792872426, -0.5201770899261643, -0.2603449389996957, -0.34498151267872285, 1.1794984404689348]
[tulis, 1.202703506429997, 0.7865851530941562, -0.2630076594061247, 0.0363099117276869, -0.18941239588919143, 1.0555605349012296]
[tulis, 0.9111001704973499, 0.9248236558024963, -0.3693584064799521, 0.018665754240461078, -0.257300648644291, 0.951842756247087]
[tulis, 1.0683278042849023, 0.8842780986909371, -0.46945391590394037, -0.11020660760417356, -0.31661764632830924, 1.089009787401857]
[tulis, 1.0779496702396212, 0.8588464766712288, -0.41768550952498734, -0.02393135846906084, -0.2864937700574476, 1.0414709783816727]
[tulis, 0.8427558451513989, 0.9636501748293967, -0.46028468993475424, -0.008552722230520175, -0.3113686412997777, 0.9388287383931453]
[tulis, 0.8681057612244086, 0.9465244511013011, -0.371912560885356, 0.052189785006173356, -0.25886944772961623, 0.9151668877496144]
[tulis, 1.2431734975747077, 0.8020442511229232, -0.48454804951085484, -0.24296226337612706, -0.3251772767795859, 1.2368246513462153]
[tulis, 1.1875834313582954, 0.8331874657049313, -0.5024930609171306, -0.2240731038370191, -0.33522223562425596, 1.2025508192019503]
[tulis, 0.9870838344721851, 0.9086285749610054, -0.4207128281314861, -0.005424358077722168, -0.28828804879065334, 0.9933226974509731]
[tulis, 1.1783580708687433, 0.7877307151891167, -0.34101255247032364, -0.014677192828240739, -0.23969615319655177, 1.075780661814792]
[tulis, 0.8524173616526348, 0.955107792636542, -0.43657522283608413, 0.006660602200159723, -0.2976232364139078, 0.9361398917291074]
[tulis, 1.2501916443081638, 0.7935486251143878, -0.45542588440163045, -0.19285966128627594, -0.3085720738150676, 1.210617359194063]
[tulis, 0.7566612918148055, 1.001330607015929, -0.35259554695947115, 0.14729600635603288, -0.2469329135000405, 0.8134926325601401]
[tulis, 1.0486346995149416, 0.8932764161297547, -0.35087975991680825, 0.045988090499084346, -0.2458646843179771, 0.9881242605671673]
[tulis, 1.2979969865584648, 0.753879269636644, -0.38439599493544424, -0.1583298104972539, -0.26649536567490406, 1.2087889434625172]
[tulis, 1.1755825326125742, 0.8041926452677401, -0.28105572368668136, 0.028535565724922433, -0.20128633997315123, 1.0488204925967088]
[tulis, 0.8878252996920474, 0.9508915766440422, -0.40776668292749435, 0.018994241460982456, -0.28058647426663585, 0.941051518302083]
[tulis, 0.8627000700492986, 0.9575246709735967, -0.299176330175485, 0.13248922179585815, -0.2130628039604146, 0.8652260423762235]
[tulis, 1.0927393240903502, 0.870635022050598, -0.3849083260755895, -0.07299974648798808, -0.26680686493467365, 1.0767844979026993]
[tulis, 1.3250254424340149, 0.7550543548406375, -0.4441806828595228, -0.1831813005017525, -0.30205958654275106, 1.2343509124153016]
[tulis, 0.942886691954904, 0.9079451017454911, -0.32877384960547784, 0.1553447945897068, -0.23198512964602624, 0.8822554045817946]
[tulis, 0.23129155046853722, 1.0693851430431107, 0.6099832820413317, 0.8378179681849988, 0.5572742636216504, 0.1957749256085755]
[tulis, 0.34693897780891075, 1.0599452243490126, 0.40297329857736347, 0.688914096279672, 0.34966999508249935, 0.33000215107733094]
[tulis, 0.0942196111603071, 1.0521931851448652, 1.0347215852472742, 1.0000491832383012, 1.0426809832012676, 0.043657907001756535]
[tulis, 0.24190468008617383, 1.0711408707022765, 0.7204324563129674, 0.88819999269469, 0.6758088865130221, 0.17049976696662233]
[tulis, 0.24655701087746656, 1.0790708667952522, 0.5953713533600289, 0.7863835489457803, 0.5419975307048266, 0.23187717348438658]
[tulis, 0.2705720252177476, 1.1441338892631996, 0.4000736354719015, 0.8402649268299617, 0.34689686028239586, 0.21004373857240152]
[tulis, 0.3014465841054176, 1.0734852321764405, 0.4026269611437562, 0.7524834248456165, 0.3493385743397311, 0.2740741404653495]
[tulis, 0.15479242938898508, 1.0956192287518043, 0.7765230904558952, 0.9522855014491167, 0.7380752517091852, 0.09668196321657745]
[tulis, 0.1724897899842719, 1.035857869087641, 0.9189619306149855, 0.9443446702347245, 0.9024621672089915, 0.10905065787115031]
[tulis, 0.13914368036372762, 1.0710874395318732, 0.8669543048475429, 0.9855238658411659, 0.8413988117742963, 0.07129925070806281]
[tulis, 0.1449590938528436, 1.0907126129862152, 0.7808669022891005, 0.8995828496033315, 0.7429554904555749, 0.12342702470153788]
[tulis, 0.3096278135366966, 1.0675839595004937, 0.5532199079817287, 0.7709729442316451, 0.4984584087042181, 0.26708313913885195]
[tulis, 0.30233211297762386, 1.0166465685390838, 0.6408329206384749, 0.8001295416460534, 0.5898382029448752, 0.24686301222528922]
[tulis, 0.07324447205297306, 1.1246043250576607, 0.8481686154906197, 1.036930917276989, 0.8196367446630333, 0.01393718854192794]
[tulis, 0.2716293731248595, 1.0906190997236827, 0.47056535904993774, 0.7781111517782071, 0.41536827502770396, 0.24675545835872792]
[tulis, 0.27527722340439587, 1.099156790879983, 0.5358701641566618, 0.8358792831299696, 0.4807662072379515, 0.21427419065715417]
[tulis, 0.22501354727005984, 1.1314439579076636, 0.38684663795990604, 0.8509559944464872, 0.33429428876233713, 0.18476857993044832]
[tulis, 0.11872364890762743, 1.1641497603117723, 0.7000956276161082, 0.9875383367727832, 0.653577277449643, 0.061440146273258285]
[tulis, 0.1052424630919496, 1.060736788597028, 0.9911977887150116, 0.9833675408500646, 0.9892643683281772, 0.05835693543182855]
[tulis, 0.34502253472727024, 1.0282152294791567, 0.49190768253388295, 0.7444607548500497, 0.4365331578706615, 0.29705481662065725]
[tulis, 0.07705092451857624, 1.1325857073662222, 0.7492294686889925, 1.018420538670401, 0.7076023922508496, 0.02598322159681611]
[tulis, 0.07701127397205952, 1.210233349758292, 0.6037386038942736, 1.0317159895043022, 0.5507338927098026, 0.01849030222636491]
[tulis, 0.11847252877968843, 0.461127854492219, 0.3317929612334009, 0.5459111621996849, 0.28267245468244423, 0.314872907181013]
[tulis, 0.011905076591638959, 0.719357800460341, 0.4112407591934622, 0.7848878115498985, 0.35759715545939597, 0.13142186211594298]
[tulis, 0.12623081904812247, 0.4056633267353131, 0.338299009212836, 0.5677796610313032, 0.28870296114452015, 0.3058025311009928]
[tulis, 0.0982507500561715, 0.49869729276514935, 0.3868528756542332, 0.6142264275117119, 0.3343002137139041, 0.2667604775391675]
[tulis, 0.11437530563962944, 0.4746817392350654, 0.3224401693203437, 0.5404776263360017, 0.2740361410041215, 0.31623525615745873]
[tulis, 0.07140733006436607, 0.5539194740595793, 0.315455507111203, 0.6199800444294299, 0.26761182640865766, 0.2517387875094109]
[tulis, 0.11586880955842514, 0.46124122280598695, 0.2847378856510376, 0.48265881917376213, 0.23961512682874583, 0.3497562112357939]
[tulis, 0.17605833917077493, 0.4374124554584275, 0.28289966246999676, 0.5115153737593195, 0.2379529896416544, 0.35957946438174465]
[tulis, 0.10055048175414012, 0.5367675144947828, 0.30635301370696477, 0.6425071855103048, 0.2592720274303568, 0.2516312336428491]
[tulis, 0.037625064432138026, 0.64707041213787, 0.302014560872849, 0.695562179913943, 0.2553100113518821, 0.19394650987702977]
[tulis, 0.09169519303207734, 0.4854862359196512, 0.4065955074463794, 0.6293589729681401, 0.35313938088591235, 0.2551446599505251]
[tulis, 0.11512866602344671, 0.4708830079011183, 0.29153271062647657, 0.5391388965604765, 0.2457720622953657, 0.3172032409565123]
[tulis, 0.04793420652647998, 0.55158228301069, 0.4603776106267576, 0.7196096301626758, 0.4053363954894809, 0.18462517477503296]
[tulis, 0.055137389143680444, 0.4836104451770262, 0.4217939696688261, 0.7049982450836583, 0.36775998576042024, 0.1961334384971139]
[tulis, 0.13611702197961958, 0.3726765355167527, 0.34744816799556966, 0.5547270686329383, 0.297215121179927, 0.3172032409565123]
[tulis, 0.025914936360872765, 0.6145412591991588, 0.4082439944444589, 0.6501808214561132, 0.3547202422843682, 0.2148119599899615]
[tulis, 0.08794160796182982, 0.4699602768597974, 0.36738139269404946, 0.5546101116454825, 0.31588895613471124, 0.2965170472878499]
[tulis, -0.281138895864448, 0.9981987750036497, 0.8546413353944744, 1.33328176735819, 0.8271173355507608, -0.31026601656329567]
[tulis, -0.28187903939942643, 1.0711926341433042, 0.731246824107726, 1.343125388315645, 0.6877054651349355, -0.31621733051303214]
[tulis, -0.2503172043721336, 1.0197086365941035, 0.6560037032188455, 1.2479066389643891, 0.6060067006117255, -0.24802817911303937]
[tulis, -0.25724283316371716, 1.0401118170003465, 0.6415695918849008, 1.2777003855887383, 0.5906209659650652, -0.2680331982934788]
[tulis, -0.2416733852314931, 0.9661270598857099, 0.6694340699137216, 1.2070867721217329, 0.620405427153293, -0.22099630731724831]
[tulis, -0.2668646991184362, 1.0387276550854934, 0.6949894102419288, 1.333885291902181, 0.6480240980878853, -0.3041712974581438]
[tulis, -0.2631771982923831, 1.0041380028745466, 0.7580405703956015, 1.247229226127461, 0.71740375544961, -0.25344172372996826]
[tulis, -0.28446954177185074, 1.0126438323886342, 0.8387828513795078, 1.3637932859710735, 0.8088224947412798, -0.32905209192270485]
[tulis, -0.2828174356669882, 1.013561110238204, 0.8838624745628945, 1.3119913835218624, 0.8611195995098344, -0.2989728605743378]
[tulis, -0.2694684183396994, 0.9151675433317856, 0.8978881862626248, 1.278446098528382, 0.8775745674585418, -0.27394866095436143]
[tulis, -0.23264627747452446, 0.9333009379693964, 0.7572780638801289, 1.1955831720944454, 0.7165541927038747, -0.21042017710536712]
[tulis, -0.29147447165646767, 1.0272679655745038, 0.872842990219132, 1.3514558037806383, 0.8482526837492138, -0.3252518553041984]
[tulis, -0.3113261786124952, 1.032104452508214, 0.9764507643331105, 1.405804058241071, 0.9713557790055438, -0.36497508335424667]
[tulis, -0.31285933307780756, 1.0734874491744806, 0.9290758248150481, 1.4292794244542553, 0.9144763244189307, -0.37895708600724215]
[tulis, -0.29213531409841265, 1.0049937765839232, 0.8796006158172297, 1.363356165313697, 0.8561368536301656, -0.3322787079195499]
[tulis, -0.3014003251344814, 1.0628228768514554, 0.9514673989074957, 1.3898547424370602, 0.9412362281746094, -0.3514591474563513]
[tulis, -0.2839408678182948, 1.0555916800984677, 0.7195871238582252, 1.3407485447411607, 0.6748811440152664, -0.3157871150467861]
[tulis, -0.27453047144499804, 0.9442304109450099, 0.8525491842760211, 1.2848383672324861, 0.8246973838630605, -0.2798641236152442]
[tulis, -0.30819378543767595, 1.0811582928804186, 0.8800486991087438, 1.391157411668843, 0.8566603509397093, -0.35525938407485774]
[tulis, -0.25280197195384674, 1.0037036864996556, 0.7304934636087584, 1.268327127856137, 0.686875035380546, -0.2607195353672967]
[tulis, -0.29421035936611994, 1.0464113712023304, 0.8676871328159003, 1.3627905162812117, 0.8422509170033221, -0.33288817983006513]
[tulis, -0.269653454223444, 0.9563022434908299, 0.8247987421502426, 1.2920899754107489, 0.7927824504106052, -0.28176424192449734]
[tulis, -0.2482685928021041, 0.9777336615358275, 0.7197759607567825, 1.2405681033826703, 0.6750883628401207, -0.24297314738464876]
[tulis, 0.278449267125732, 0.6426086973696219, 0.2040613217399516, 0.5406604217309186, 0.16807585841328293, 0.38636037715555865]
[tulis, 0.2106071820356591, 0.7171905241915809, 0.22096301402930368, 0.6087584679315455, 0.1828244789306415, 0.31870899508837325]
[tulis, 0.1957117933942189, 0.6981889429739231, 0.13853108494969865, 0.48859868328142, 0.11209017037999613, 0.38098268382748335]
[tulis, 0.23097434609640372, 0.6697005624211942, 0.23742786707335345, 0.5801477330447202, 0.19731362454568974, 0.34355393826408054]
[tulis, 0.22998308243348609, 0.7086437770043951, 0.16443261330293316, 0.4935734492527513, 0.13399170074558422, 0.393638188792887]
[tulis, 0.20006013666221698, 0.73120551930243, 0.17320792662146192, 0.5185384263774574, 0.1414792528881956, 0.3658892912200191]
[tulis, 0.2652192014379931, 0.6155082531050332, 0.1311459614987817, 0.536126845249391, 0.10590000240393418, 0.38331301760298286]
[tulis, 0.3091652238273351, 0.5147237108182424, 0.13919864577932484, 0.413511370487761, 0.11265090702391428, 0.4721883626716378]
[tulis, 0.2528350140759441, 0.661477346778241, 0.229260230300456, 0.6088935100529838, 0.19011105259662717, 0.3360968701824828]
[tulis, 0.17042796156540352, 0.7606442361695863, 0.21522638388223708, 0.6107596260875187, 0.17780443578659894, 0.3002097300397946]
[tulis, 0.3681916707418617, 0.47635461643890953, 0.1624683716406576, 0.3812840773913294, 0.13232038165364723, 0.5165005556949773]
[tulis, 0.14957177409761974, 0.7848566009505363, 0.1821323217034321, 0.5717858680351694, 0.14912900580974986, 0.31383321980425183]
[tulis, 0.1446683231783878, 0.7651474296602727, 0.16976485818637094, 0.6313998435482292, 0.13853738087425874, 0.2769422435736563]
[tulis, 0.17842415511293788, 0.7697501773412173, 0.1930186557338516, 0.5674252995477144, 0.15850826207059765, 0.3288549098340084]
[tulis, 0.1596958803082169, 0.7341555328750796, 0.2776738810830673, 0.6807395163221405, 0.23323597188585699, 0.2550371060839635]
[tulis, 0.39282787697757104, 0.5270592805105209, 0.10248187300020523, 0.3358903704401613, 0.08210286408184135, 0.5529971677481804]
[tulis, 0.18116004282259018, 0.7631425399146103, 0.2063251079730095, 0.6085638713735394, 0.17004392392523746, 0.3060893414118238]
[tulis, 0.13572051651445263, 0.7488194316427038, 0.29177012174845074, 0.6592161957019382, 0.2459875554550809, 0.25733158857060884]
[tulis, 0.16646290691373372, 0.7398422758354352, 0.16025381099262148, 0.537048136311711, 0.13043812334358548, 0.34057828128921214]
[tulis, -0.21687857680971698, 1.027747858495901, 0.5369962152429405, 1.1700234109284027, 0.48191043736040584, -0.18887355250421267]
[tulis, -0.11549212936651646, 0.8548958664966719, 0.41184305546661365, 0.9356413873274878, 0.3581758439663458, -0.01051339045638716]
[tulis, -0.1632049536749448, 0.9463949376113862, 0.4820826049735767, 1.0303230017450822, 0.42676469569301506, -0.08558598931631603]
[tulis, -0.14630060400999195, 0.8879270185621041, 0.4852072943160862, 0.9858590139675661, 0.4298667409359294, -0.05278206001505757]
[tulis, -0.1494329971848112, 0.8919428019598526, 0.5286064775713021, 1.013455360014565, 0.4733987568566571, -0.06981142222062897]
[tulis, -0.17857614887458534, 0.9638635446457856, 0.4832393751761856, 1.0919042370830372, 0.4279125786237417, -0.12735274083103318]
[tulis, -0.16307278518655585, 0.907142536632156, 0.573198045091142, 1.0759611303792727, 0.5189961059760397, -0.11147061986878455]
[tulis, -0.15798429838357933, 0.9813073428430122, 0.4558569887211814, 1.0623287642135182, 0.400899668815644, -0.1013964077008569]
[tulis, -0.16003290995360883, 0.9175984506693444, 0.5113375167506536, 1.0272085170612764, 0.45597696618918326, -0.08243107589717855]
[tulis, -0.13941462576492517, 0.9069393568200909, 0.42834845657616527, 1.0084023942337021, 0.37409685502235235, -0.06249775929444685]
[tulis, -0.19667001493503916, 1.0598952425721322, 0.4480760775401384, 1.1133337047648943, 0.3932843649335111, -0.14768042161115708]
[tulis, -0.10175982342289948, 0.8458172634613271, 0.37787522879359037, 0.9252321173375474, 0.3257905285767891, 0.001496791309647568]
[tulis, -0.16599370877995268, 0.912125807616755, 0.5579317334644384, 1.0615352412019734, 0.5032862690764879, -0.1045513211199945]
[tulis, -0.18452373085209023, 0.9990888582604428, 0.48785704208892827, 1.0823558827234752, 0.4325006763850367, -0.12462804287814157]
[tulis, -0.11095875021477379, 0.8328398587771909, 0.4482936930655672, 0.9347394916354804, 0.39349698412160805, -0.007967948947764885]
[tulis, -0.16613909411718059, 0.9556625042982937, 0.4538392305247982, 1.0671491753089823, 0.39892227979217937, -0.10774208582798567]
[tulis, -0.18474841728235153, 0.9684932873222624, 0.5111748848921016, 1.1081764260998836, 0.45581352313359447, -0.13936292259706765]
[tulis, -0.18539604287545763, 0.9959136364088259, 0.5234531920967329, 1.109205274010782, 0.468186032099183, -0.14018750224070572]
[tulis, -0.16017829529083677, 0.9301334760724509, 0.4791908060549506, 1.056840206169185, 0.42389770785782094, -0.09924533036962706]
[tulis, -0.15025244181282302, 0.9104962596946015, 0.48290567033384335, 1.0046272612836344, 0.42758137672763596, -0.06515075466963056]
[tulis, -0.19139649224831817, 0.9878519837476739, 0.5037801416369206, 1.1322348268262448, 0.44839427689650346, -0.15596206933639292]
[tulis, -0.22318301370587224, 1.054526107622241, 0.5271126561997865, 1.2088482938617557, 0.4718864942320495, -0.21371849567991985]
[tulis, 0.6589623451976581, -0.28939955036983217, 1.2276472541656935, 0.5280595652566658, 1.2895647004542177, 0.5511329007277811]
[tulis, 0.8722426349109842, -0.2837811880335888, 1.0781342959607159, 0.36267631195183747, 1.096797440737607, 0.732504571039329]
[tulis, 0.8571886440834775, -0.2657730859874124, 1.1480952593165275, 0.45451080244416003, 1.1857651392420994, 0.670732800344172]
[tulis, 0.9746599965636191, -0.593101313961555, 1.0717895929339978, 0.25131589893973477, 1.0888362947612813, 0.8371544832036709]
[tulis, 1.0554545935158142, -0.08673782219488237, 0.7938533714788645, 0.2522371732207011, 0.7575955501547569, 0.8690979815724375]
[tulis, 1.3938059237916494, -0.3717651864785494, 0.7862441414341924, 0.04631896815865827, 0.7490083578972762, 1.1189814648836627]
[tulis, 1.0596707682954227, -0.21865831461848953, 0.9940576095078167, 0.3149495465553467, 0.9927484522596766, 0.833067436274334]
[tulis, 0.6457322795099191, -0.2164410921909354, 1.2026946505217302, 0.47555400522684443, 1.2567046615959652, 0.5771967877245183]
[tulis, 0.5660082473136754, -0.4962356641967659, 1.4107709616696624, 0.603014508036477, 1.5391620101232715, 0.4688541928082312]
[tulis, 0.7529209235933968, -0.43424601874602237, 1.2005305442737244, 0.4950891156659412, 1.2538677555219326, 0.6068816548954934]
[tulis, 1.2577648986928538, -0.2810067291363463, 0.8358542789426716, 0.10871834604243938, 0.8054561921528028, 1.0344082744774672]
[tulis, 0.9041613248569276, -0.3996103924784971, 1.0786613493537196, 0.29751734090038384, 1.097459574189823, 0.7826605241458429]
[tulis, 0.782209460620399, -0.3514949993076349, 1.1133395172382154, 0.41116777283702133, 1.141295996163772, 0.6673986304807658]
[tulis, 0.8478575488032143, -0.3766368963606666, 1.0494052465449295, 0.36748134306726515, 1.0608915551721634, 0.7179847990535255]
[tulis, 1.4701067921386177, -0.3310243205118439, 0.5784969903720396, -0.0908118318667673, 0.5244731427907423, 1.2345301688595705]
[tulis, 1.0040146178348157, -0.5077933821193128, 1.0355473974441973, 0.22473255998185038, 1.0437026141357797, 0.8634334779335315]
[tulis, 0.8771857363767331, -0.4074099509799159, 1.0993819086766492, 0.30363937768571037, 1.1235882083094348, 0.7690728856702396]
[tulis, 1.1358526850028412, -0.3403849607643586, 0.9726535409425935, 0.2608718307251702, 0.9667600827593762, 0.8904294984404689]
[tulis, 0.8042551644836837, -0.10886512633334831, 1.028925814139731, 0.49081930047202676, 1.0355194063815167, 0.6251658122109487]
[tulis, 0.7659791702462296, -0.4547212208122795, 1.2538134997603958, 0.49566815699186145, 1.3243193302756577, 0.6089610296490161]
[tulis, 0.7138519184256088, -0.0996355202080205, 0.9920602136310921, 0.4677244589029243, 0.990314668175542, 0.6070967626286166]
[tulis, 1.0819675922866467, -0.29993293270494686, 0.9698864356748097, 0.2444946203929461, 0.9634151402488733, 0.8822195532929408]
[tulis, 1.15460739350524, -0.3722223909794131, 0.962652774260756, 0.19348976219928374, 0.9546869463737608, 0.9399401283476141]
[tulis, 0.8698636021199825, -0.28507498836154777, 1.019823501829689, 0.3135876600630854, 1.0243021278015303, 0.7618309253217652]
[tulis, 0.6600593436512864, -0.32607785335494793, 1.239519644340294, 0.4829503257161036, 1.3052962932867376, 0.5765514645251495]
[tulis, 0.9294715903834208, -0.39872715589150903, 1.0918739404413467, 0.2816644254439548, 1.1140986790771052, 0.8016975585272288]
[tulis, 0.7611418035711924, -0.1690200084661129, 1.0023819953382345, 0.5017539432169077, 1.0029105745273794, 0.600715233212634]
[tulis, 0.7938667212963084, -0.002616492529498403, 0.960037713126962, 0.3907633067801828, 0.9515372987633125, 0.683388305309576]
[tulis, 0.9437325702805935, 0.10182199608715312, 0.7403904161208095, 0.3422271612853658, 0.6978045016336979, 0.7762789947298605]
[tulis, 0.9990450826713894, -0.40437913119409663, 1.0116141988507876, 0.24032126905757667, 1.014216840022538, 0.8521044706557197]
[tulis, 0.8678942916429864, -0.34857802972464863, 1.1181044868520864, 0.3713571703256347, 1.14736099994027, 0.7237927078478471]
[tulis, 0.8891602014247759, -0.3219394596188485, 1.0844125617417002, 0.34788802792865137, 1.1046927814533714, 0.7451959272935861]
[tulis, 0.8137977293453694, -0.29546939848948356, 1.1466054332544913, 0.4637557925580452, 1.1838479620159557, 0.6463897752124187]
[tulis, 1.0647328214007217, -0.36624595513517055, 0.9807373213642703, 0.23474260599624056, 0.9765513822299726, 0.881717635248987]
[tulis, 0.8316933426732399, -0.418218158025214, 1.1273061147716057, 0.37052629279902083, 1.1591015956031339, 0.7122127415480587]
[tulis, 1.0660412894357727, -0.3535915079476813, 0.990660520871574, 0.19688450707965713, 0.9886102259974939, 0.9064908758469865]
[tulis, 0.8653830903635953, -0.41546784856701774, 1.0826917599717294, 0.3249605411033875, 1.1025270201647352, 0.7513264976875919]
[tulis, 0.8437206751166387, -0.2619768060519375, 1.1728966298934964, 0.489394209986396, 1.2178251583771178, 0.64266124117162]
[tulis, 0.7290909451368605, -0.3991769638741843, 1.1588607801791813, 0.41866711198092615, 1.1996479412123287, 0.6431990105044276]
[tulis, 0.9002755712982912, -0.47142801931456474, 1.107174588000425, 0.29646720881345895, 1.1334640083386114, 0.7830190370343812]
[tulis, 1.0108873792310435, -0.41686849007480836, 1.0099195920103896, 0.26277667192397186, 1.012138701075764, 0.8404886530670775]
[tulis, 0.7177112382865677, -0.3708130596398896, 1.228924096335513, 0.4383980249118032, 1.2912535916458596, 0.6250224070555337]
[tulis, 0.8286931179868094, -0.3777822613917874, 1.1760667936144913, 0.45537592503039914, 1.2219427840879793, 0.658615064711576]
[tulis, 0.8165204002061828, -0.019236239786061395, 0.9655572770366513, 0.4228759238621582, 0.9581887568849629, 0.6758595346502706]
[tulis, 0.831270403510395, -0.20992592416912412, 1.1395997727261493, 0.4661323516240687, 1.174845939472108, 0.6533449252500627]
[tulis, 0.7099265143204558, -0.20626139983605773, 1.160587175374249, 0.500681811810186, 1.2018790121381997, 0.586625676693077]